20
10 10 0
9 4 7
1 3
8 3
7 3
3 0
0 0
6 0
4 1
3 8 7
1 4
1 2
2 6
2 4
0 3
1 1
2 0
10 4 0
7 4 10
1 1
1 2
5 0
5 2
5 1
3 3
6 3
6 2
0 0
6 1
1 10 8
0 4
0 8
0 2
0 9
0 1
0 3
0 7
0 0
7 3 0
8 5 1
1 3
1 10 5
0 4
0 9
0 5
0 6
0 1
9 7 5
3 4
8 1
3 0
1 3
5 2
10 10 7
3 3
1 8
3 1
1 9
8 3
1 6
4 5
9 5 4
0 0
5 0
6 3
7 2
4 1 4
2 0
0 0
3 0
1 0
9 9 10
5 3
2 5
1 4
8 0
2 3
3 1
6 6
1 2
4 5
2 2
4 5 9
0 1
1 4
1 3
3 2
2 2
0 3
2 1
0 0
0 2
10 8 6
2 1
4 2
7 1
2 5
8 1
9 1
9 10 9
0 7
2 1
8 8
0 0
7 2
6 7
0 4
2 8
1 0
6 10 1
5 3
7 1 4
1 0
2 0
3 0
6 0
9 10 0
