100
10 86 8858
895 1026 2
691 827 5
281 1028 5
795 881 5
276 366 2
889 1752 6
308 519 7
18 592 1
500 1188 4
451 813 7
10 85 7904
92 968 2
837 1599 4
884 1068 6
959 1724 8
563 649 5
369 713 5
97 123 6
79 283 4
995 1256 3
896 1452 1
9 85 8570
425 1074 8
776 995 2
602 1315 5
4 495 3
167 422 1
403 1302 3
894 1626 2
317 893 2
333 740 4
7 96 7474
731 757 5
222 772 8
491 1429 3
945 1696 5
837 1685 8
880 1635 6
846 1500 4
6 87 6839
111 1831 12
784 846 11
856 1118 9
558 1632 12
736 1241 8
941 1345 15
8 97 6759
142 956 7
310 723 1
351 547 4
909 1730 9
159 859 4
405 934 7
194 556 5
770 858 6
10 84 9687
24 573 1
630 1377 3
548 1040 6
292 1159 5
727 1597 7
338 842 3
306 1217 7
611 756 7
27 787 4
637 713 1
5 83 7725
805 1012 13
326 3209 3
881 1068 5
2758 5831 12
1612 2203 22
9 87 7239
415 817 6
397 773 5
115 841 7
821 1072 7
598 1274 3
569 1000 6
991 1257 5
69 549 4
270 756 8
10 95 8758
655 803 6
108 441 3
402 1094 3
784 1059 8
208 1196 7
20 915 9
213 645 2
20 719 4
435 811 1
974 1795 8
6 84 8511
1184 1741 11
120 1478 1
934 2343 4
438 891 10
791 2133 6
398 1181 8
8 92 8967
751 1312 6
458 1039 4
916 1279 4
891 1226 7
970 1883 5
371 395 3
655 1128 7
547 1505 5
10 90 8779
482 909 8
816 1062 5
508 763 5
913 1580 6
578 1495 9
4 598 1
372 1266 8
545 1028 7
379 1348 1
460 532 2
10 97 7520
248 926 4
303 812 2
103 1012 3
447 506 3
637 1531 5
988 1089 1
522 1378 5
889 1430 4
345 552 5
847 1017 3
9 93 7906
37 519 4
343 1250 5
399 1318 7
866 1861 5
948 1658 3
847 1259 5
589 831 1
227 917 1
290 969 8
8 84 9497
2676 5527 19
638 3353 19
1304 2753 12
852 1024 2
2233 3328 5
653 836 28
705 2606 1
2799 5195 13
10 91 7335
173 733 4
566 1459 4
736 1207 5
44 673 1
832 991 1
870 880 4
913 1253 5
538 1520 8
581 804 6
553 1045 8
8 95 9565
2366 3492 9
1957 2391 20
2432 3793 20
91 162 20
1024 2531 14
1301 3257 12
1624 2658 20
1667 2183 6
10 88 8573
479 745 6
406 417 5
345 1084 4
854 1322 3
32 551 3
533 1216 2
757 1164 4
751 1685 5
104 301 8
813 1454 4
10 83 6982
332 970 5
791 1404 6
333 733 3
780 1135 3
93 621 4
55 986 2
782 1331 7
446 1281 5
503 1077 8
984 1436 4
1 10 10
5 9 5
9 88 6942
751 1071 5
688 1544 2
654 1389 7
150 1076 8
388 973 2
899 1242 2
328 1280 5
217 462 5
456 796 6
10 81 7264
469 699 1
398 481 2
834 1587 6
360 1107 6
231 1098 7
714 1041 8
556 1242 5
186 815 2
916 1348 8
677 960 7
10 90 8742
698 1522 8
304 685 8
782 1634 2
942 1796 3
510 594 6
364 942 2
415 515 5
459 1442 6
623 1173 6
312 772 6
8 84 7059
1022 2032 6
1279 2164 12
1165 1944 8
455 1948 4
993 1717 7
1147 2588 8
1226 2585 7
664 1322 3
10 84 9398
545 1264 2
707 880 7
471 1091 5
553 1161 8
947 1543 6
967 1436 3
527 884 3
533 586 1
75 974 8
214 382 2
8 83 6830
688 916 1
973 1766 2
76 810 2
998 1726 1
976 1552 5
60 617 4
933 1796 8
200 390 8
10 94 9604
426 1175 3
345 1219 3
509 1363 6
570 1116 2
573 1038 2
435 637 9
180 943 8
502 1083 3
235 1081 2
607 771 6
4 85 9159
718 1699 3
1236 2226 10
966 2191 1
636 1954 12
10 85 8827
359 858 3
967 1236 7
248 472 8
783 1338 2
274 368 7
880 1527 3
478 1197 6
833 1510 6
375 1146 1
206 344 1
10 92 9508
344 776 1
549 1528 2
353 976 1
879 1228 6
105 791 9
176 1167 9
678 1631 6
385 1364 2
465 1432 7
214 410 6
8 96 7763
930 1754 9
718 913 4
990 1587 6
34 237 1
536 596 5
401 479 2
896 1307 3
918 1361 6
8 87 7268
825 1099 7
502 542 7
353 414 1
433 1234 7
529 1245 7
476 1366 1
425 1279 7
786 1138 2
6 94 7373
1211 3324 13
84 384 5
450 2066 17
227 2502 16
1983 4402 23
225 1494 20
9 82 9951
987 1642 4
26 734 8
979 1786 7
229 780 2
746 1560 8
376 687 4
730 1153 6
700 1587 2
165 783 6
10 85 9480
75 431 6
272 1032 5
884 1808 8
794 826 2
276 685 4
823 1010 7
861 1259 5
507 758 1
51 1036 8
32 744 4
9 98 9786
160 658 8
982 1544 3
345 1070 3
883 1447 6
403 1359 8
81 981 7
770 951 1
152 899 5
867 1395 6
8 91 7095
311 580 1
117 869 9
804 950 7
165 963 3
781 1464 8
334 596 2
991 1070 4
848 1101 7
10 83 7108
953 1780 3
199 841 6
193 605 3
3 717 7
43 691 5
770 1320 7
512 1482 3
876 1595 1
788 1096 1
160 1118 7
9 98 9452
817 1016 9
79 643 1
95 966 2
981 1847 4
952 1925 4
372 1164 3
243 698 4
936 1537 3
57 631 2
7 93 7169
545 571 4
430 1204 3
556 1444 8
146 207 6
444 454 6
994 1572 1
974 1895 3
9 95 7742
415 1237 6
691 757 7
588 1526 2
620 932 6
983 1762 8
780 964 7
438 523 1
871 1670 7
164 439 6
6 100 9717
526 1112 6
651 895 6
384 982 9
1093 1966 7
636 1666 7
1045 1305 10
10 86 8877
244 1058 4
295 384 1
219 1007 7
998 1762 1
675 1153 5
817 1452 5
514 1412 7
974 1833 5
367 1105 1
606 990 7
10 90 6749
628 1347 8
635 1629 7
687 738 8
439 984 4
179 325 6
285 743 9
271 295 9
576 930 1
53 1019 3
192 408 1
7 86 9729
2160 10000 8
5277 8798 71
7299 10000 73
8273 9461 12
905 9481 17
8414 10000 64
1255 1790 38
10 83 8397
5456 6119 77
4134 5891 79
7164 7433 76
2534 8079 1
2100 4943 6
4618 10000 1
9954 10000 57
3385 6522 22
8212 10000 69
6824 10000 36
1 10 10
14 54 8
3 11 14
1 3 4
5 5 3
2 6 5
10 85 9404
623 1163 4
412 974 8
624 893 6
781 1007 1
186 553 4
179 849 8
583 1212 6
78 660 7
900 1121 3
531 1467 4
9 90 9887
875 1761 7
442 921 2
990 1028 2
841 1005 7
496 1219 5
288 1199 8
866 1553 8
368 1028 6
631 661 4
10 91 7335
501 1219 3
590 1587 5
537 1190 9
527 640 6
840 1106 2
660 1459 4
407 1034 5
609 945 4
294 311 6
743 1269 4
9 100 7070
787 877 1
835 1484 3
619 991 6
641 1432 3
143 478 5
683 1096 4
739 1703 7
518 538 6
209 287 1
7 89 7212
756 833 2
516 1045 2
885 1304 3
565 1441 5
646 1231 7
796 1233 8
47 517 7
8 100 8624
977 1644 7
25 365 2
748 1183 1
634 975 2
95 946 8
849 1750 5
623 1604 3
230 1051 2
7 92 7860
391 1104 3
512 795 1
729 1036 5
871 1348 3
740 1630 9
236 1014 8
813 1812 4
10 95 8024
349 1309 9
150 1052 4
276 1033 5
292 341 2
983 1903 1
933 1365 6
995 1302 7
1073 2020 3
194 300 5
945 1998 7
8 90 8055
425 1228 4
661 1607 1
77 346 4
363 948 5
703 1691 3
831 1116 9
97 722 2
638 651 9
9 84 7177
373 1102 2
858 1279 1
882 1050 2
539 919 1
336 701 5
820 1690 2
232 1086 6
391 786 5
389 1008 2
10 98 8546
710 1481 3
298 891 5
945 1443 7
487 1283 5
481 1243 6
332 621 7
724 897 5
675 1274 8
796 960 1
687 1233 3
1 10 10
6 54 4
9 90 7478
56 800 7
451 1003 2
138 373 6
404 1166 4
706 1566 9
493 576 2
205 1146 9
830 1322 9
511 529 6
7 99 7468
802 1588 5
593 721 7
126 728 8
785 1086 8
812 1746 4
983 1048 2
677 1253 3
10 93 8395
885 1191 8
997 1892 1
669 799 2
782 1200 3
621 1241 6
578 1163 6
760 1686 2
98 561 6
486 527 7
717 1397 4
7 94 6736
22 508 5
389 1292 4
915 1821 6
823 1596 7
613 1472 3
147 869 8
20 141 7
7 91 9670
731 1805 5
830 1913 7
121 1540 4
340 1387 5
980 2146 12
287 830 13
1236 2088 8
9 93 9215
341 670 9
472 1262 5
329 1019 5
589 1225 3
427 521 6
907 1386 4
889 1418 8
699 770 1
653 950 6
10 84 9898
333 366 2
23 486 1
530 1439 6
741 1630 5
975 1167 7
814 1377 5
947 1752 5
383 476 4
207 708 6
868 946 4
10 81 6932
618 986 3
68 295 1
784 1275 8
306 374 4
986 1057 1
486 1281 4
680 1019 2
339 408 6
134 662 7
965 1104 7
10 100 7975
492 718 1
969 1789 2
419 1356 7
956 1830 10
980 1496 4
187 1175 2
202 1197 4
721 1264 9
606 1041 4
95 783 2
9 94 7002
417 734 9
286 975 6
858 1507 2
345 764 5
443 601 7
703 1583 6
944 1071 1
334 1099 3
692 856 5
9 83 9891
790 1754 6
454 1324 7
892 1735 6
988 1730 6
311 933 6
665 1132 7
437 960 2
589 858 4
505 1443 3
7 87 8609
802 1696 8
963 1297 3
559 1076 5
643 868 7
786 1772 4
519 1387 4
112 563 5
10 88 7566
3227 8162 11
1235 1466 11
2312 6809 33
261 2711 3
3591 8487 16
2638 5309 1
1555 2046 13
679 5051 32
2199 5653 29
1338 3444 15
3 8 6
3 5 2
4 4 3
1 2 5
10 97 8470
316 745 9
764 1509 1
920 1641 9
309 611 8
1 77 7
726 1070 6
901 1891 2
620 1112 3
189 693 8
348 435 9
9 82 9124
128 3728 41
3945 7402 13
4266 8956 33
1602 5831 8
1094 1658 17
2776 4160 7
1469 4436 20
2529 7238 23
4083 6180 29
8 82 7503
293 821 1
786 1596 5
381 1266 5
605 1452 7
940 1632 6
914 1172 7
558 1089 3
912 1355 7
10 87 8505
615 1545 6
689 1116 2
678 1582 3
824 1289 6
64 831 8
157 189 7
680 1509 2
317 859 2
738 1724 6
530 601 5
8 81 9822
727 1707 6
960 1589 8
932 1768 3
976 1896 4
83 691 5
803 1662 4
598 984 1
897 1594 6
8 88 8145
856 1390 8
608 1107 2
927 1293 5
974 1394 6
496 1483 5
460 618 6
981 1379 8
503 534 6
9 88 9454
875 1682 5
782 1252 7
810 943 6
938 1866 6
504 950 6
263 601 8
448 1412 8
443 1366 1
466 1274 5
10 100 10000
337 848 12
10 592 18
113 342 16
475 733 12
175 488 7
304 891 4
558 761 16
438 754 13
240 494 18
106 204 3
1 88 9390
1080 2236 4
7 100 7985
426 1570 10
881 1470 3
1032 2064 5
40 675 10
100 1158 6
312 1073 2
927 1675 5
8 88 9017
929 1359 1
562 1222 5
922 1328 1
616 1499 5
322 789 1
96 297 4
906 1860 7
159 934 6
8 92 6746
305 316 9
840 1556 7
489 525 6
61 503 3
366 654 2
80 865 7
462 1192 9
598 1322 2
1 91 9034
959 1519 9
10 89 9160
709 1683 6
372 900 2
566 1351 7
826 1630 3
369 444 5
571 1031 8
250 584 2
172 326 6
519 1356 6
570 591 2
9 100 7713
705 1331 3
688 1532 4
464 657 4
308 1175 8
792 828 6
351 900 1
515 1389 2
491 731 1
809 1654 9
9 94 8335
800 1716 5
702 1570 9
386 754 5
753 1037 9
911 1034 9
890 1655 5
455 516 9
960 1510 9
510 1387 4
10 94 8557
884 1367 9
967 1049 7
362 680 8
782 1752 9
735 997 7
540 1331 5
64 437 2
7 310 3
938 1256 5
27 983 5
8 86 8639
924 1162 8
58 843 5
495 643 8
250 1224 5
313 559 3
567 1365 3
978 1339 1
613 1570 6
10 93 7058
635 801 4
299 662 6
816 965 4
418 1141 1
951 1341 2
935 1905 6
551 810 8
68 930 1
398 1061 5
590 1132 1
8 88 6687
790 1525 4
556 1462 3
145 921 5
18 364 2
913 1337 7
135 463 1
238 293 6
125 1060 8
10 100 7707
550 1344 8
745 1316 5
126 740 8
143 628 4
181 282 7
899 1541 6
521 942 4
177 293 1
275 541 1
54 112 9
10 95 6760
106 644 3
862 1144 7
438 577 9
386 1073 3
471 1398 3
651 695 7
832 1670 1
468 1089 2
693 843 4
374 1069 9
8 95 8020
589 1582 6
36 1011 8
770 1441 9
820 1374 7
639 1595 9
1000 1388 1
182 340 7
39 348 9
8 83 8013
857 1764 4
253 1276 6
792 1244 4
907 1884 3
317 1304 2
191 921 8
615 1326 5
531 766 2
9 92 8338
201 916 2
202 879 1
950 1390 5
175 1035 2
249 1032 2
501 1005 7
633 764 7
220 1134 2
53 998 5
