100
175835611479743860
19581310100288041
2971547452922461
834411844648609261
295368821274879871
396795323794360
915476041697322043
451056372687934228
151544186314586599
21716315730062815
199761445742354793
258993785609976721
9494938065708061
845780895259061295
143027221869896316
56299958783187253
49186536747220615
156154861661577000
14740405932233521
208136014058196165
146645526976413807
36583861083771457
23492823567392761
240738771718314545
145421118206213851
584017579028153613
245019943472837715
275223751613380681
627806829845492263
619786914213201901
719107200107695011
163066291235165858
304377863941001221
1000000000000000000
933665996808826072
540169210913583511
173543514220019307
164259869402950023
248992995293802943
4427694470680800
149140358438678985
947988196694071857
37108749938864445
26976876604471255
194296024544194291
14919921443713777
861725955848524099
367058962155973627
654607596014262883
133237388721994008
216240208989190555
976759378530139402
65386370816485333
799652650901196863
76387891818922495
880351818378263133
31850578351918372
143633589687705840
98121647034340424
785432024302816345
49186134038080
70294557720670473
936918810817250997
157075669170625171
30896151154490161
229873573955300955
9668886503657665
50227687894464833
69474628417549447
8775922270634611
8211951448446151
886917374322565605
211530112612138425
22671274309074276
258863416076895663
526782862801179941
172597809520992220
957319635841182575
5346848976102943
676326126103437416
183118187984759280
849184252798027783
626718223379680374
7446671216317515
213618645549876043
435707878006022039
275260806566321941
124891317214317993
619957323825604375
542244820785125971
973862012903803257
389666966751418659
675425858836496044
18708559420905488
3807881699349421
733243336851468307
368491294912884865
28341442134979177
5581171661822827
272082911714645409
