10
199
3043 5383
4554 7880
3333 2393
6199 8191
6712 7814
8801 6028
9064 1873
7636 675
3730 9084
7919 6515
6446 3092
2137 4755
9180 6184
6009 892
4825 5734
9720 4949
171 1013
4193 7647
6209 4529
1408 794
5137 3233
7334 9006
718 1893
7894 3087
2436 7621
8787 3772
2231 2247
8762 951
1285 7879
406 9423
1642 9811
8842 4354
9603 6294
5524 1516
5293 6330
5256 7226
7779 6466
9648 523
1324 4387
6964 9943
2277 4937
2919 304
1170 4176
1744 4897
9299 8734
6257 8129
795 4363
9291 1092
9691 8699
1822 1374
7265 8774
4556 62
1648 5380
1978 6211
2662 5422
2737 5273
8991 6935
4303 2492
467 3170
2950 2562
2976 6052
2312 2154
1461 4674
5643 9430
2110 1514
458 7957
4773 3004
1915 1503
9884 9345
2261 9222
3942 3475
6645 4585
923 2876
116 2744
2374 5481
2270 7940
689 3921
8329 504
7417 1763
6556 6554
9689 4443
8224 5335
5117 5389
1460 4340
2786 4745
999 4626
3844 1977
8411 2360
2228 9702
1107 4158
5060 4466
4351 5350
7561 8968
799 5770
607 2811
5645 6783
9868 250
3490 6061
4873 9408
867 7253
1134 773
4550 8642
4141 8800
8581 5433
2139 7857
2914 4274
4051 4218
5050 2343
2916 5867
144 8426
2367 6475
10 8916
8579 2812
5755 1872
8433 5204
3531 9590
6023 3853
8976 9316
4341 5595
1037 5007
4146 942
4317 8793
1612 2290
7922 6591
950 4900
3920 1125
9835 3398
8092 4393
2233 6737
2753 1801
3463 4984
6830 358
3941 1525
7061 8201
2817 3135
8213 2203
5545 1500
5433 1518
3625 1568
9375 3934
7782 1451
7955 5314
2911 4518
2857 3125
999 6385
6960 237
9880 473
3780 4391
6996 1097
3341 6678
6457 1457
271 979
2320 9706
4694 5796
5875 4400
2713 8073
6450 5976
7327 865
5545 5224
8779 5697
9819 1284
3129 6469
1059 7989
5345 811
4328 6788
7182 8078
5049 4566
6971 592
7875 2361
3612 6480
4543 3544
2922 5972
4401 2701
7876 8962
3308 7056
3882 2888
6731 1873
2275 7475
6534 3067
8782 5971
6159 8775
7513 8486
2886 6507
7834 4674
6457 9003
7243 4193
9569 7900
6539 2370
7970 7631
6489 1322
753 7452
5441 8609
3230 859
8046 1740
743 6243
2788 4258
6243 9181
5496 5795
1391 8252
196
6988 4467
771 3944
8425 5100
1312 7585
9426 8648
9402 4208
9145 1520
8696 6046
1529 7601
7187 8330
6495 2924
4006 9035
3620 7858
7444 8520
9060 5406
8295 8317
1553 6202
7011 5339
2057 6733
5224 2574
9868 8461
8098 8013
6728 8924
8482 9960
9487 8332
3556 2500
8051 6672
729 1004
1759 4303
5040 6470
5629 4437
8555 1367
7900 5879
846 3214
7002 7718
9559 6249
9122 7885
1916 855
4149 4483
3465 7159
1512 7369
5089 5993
7848 4577
6663 3703
6935 8898
6260 5545
4989 4292
5418 3850
654 7570
7484 4878
1501 2501
7023 3755
5277 3689
879 5860
7906 6779
1751 2499
9654 25
4110 5908
9670 8857
3316 2982
485 3152
2630 6098
5881 535
3809 3092
9436 1327
4659 9439
5603 3850
2062 8782
4546 8766
1146 3311
6884 9397
8270 7542
4670 7277
1693 8730
1952 9676
1633 769
9317 8038
7875 8728
6335 5544
7774 9708
7636 9279
7500 2346
6717 7407
8249 7033
1459 3648
1606 2840
4951 8016
7991 3765
929 5273
1067 4796
5292 8405
1682 6498
6902 4939
5142 5816
6792 4877
2953 8044
9659 614
9788 4893
7401 1360
9135 6744
3435 3210
6231 998
7778 5903
2130 9581
388 675
1767 5989
5057 5044
4782 1993
6556 5637
605 6265
4720 3581
3656 6192
9912 968
9093 1473
6747 5601
6723 2195
7652 8909
5592 536
8321 939
3236 5610
2982 1953
710 7579
394 8342
5071 4028
6493 796
5231 7318
8659 2588
7144 8250
7098 3265
473 4268
4964 7086
985 8337
7789 2854
32 9179
767 2411
3222 8622
2646 2350
3869 7411
8568 7670
683 7925
6501 5309
971 4449
5627 4257
3517 5287
3723 2681
4700 4621
7091 5554
5572 5057
8586 2268
8497 7231
7750 5065
7609 3916
930 7908
7600 1936
2784 7148
9147 2122
5307 3359
7131 3488
1893 2889
2204 4365
3067 5890
6412 4674
7129 3083
280 3534
4529 3092
6960 6395
5583 9967
2453 7961
8761 6008
2114 7383
8999 8288
2912 1967
5341 6155
1240 2386
34 826
7605 5928
662 7782
4241 3515
1185 7153
735 8676
7032 2226
1740 4648
6998 6073
5298 5513
4664 3385
5172 6025
8253 1786
4632 9541
8517 7510
6932 9253
5043 9924
9097 7362
6117 9225
9579 8611
2958 633
2551 1087
199
9234 2720
8551 8752
626 2878
1592 18
831 2302
7857 6814
6933 8047
7972 3849
5279 2970
7721 35
8904 8691
6121 9265
2353 5034
6402 3873
9588 363
6317 1270
305 3648
1624 611
7358 8448
2489 8217
3730 3513
2350 3578
5125 7064
4666 71
6673 8481
9311 92
5532 8580
8361 7558
5964 551
7222 9585
5585 298
748 6380
7597 6657
6759 4595
6677 4374
1413 8997
4086 2759
3827 942
5761 4239
9865 7623
8100 6132
1564 650
3365 8669
1250 6719
5197 1744
9544 6778
851 9518
8995 7652
9541 5211
2417 2905
6673 7175
8714 7623
9400 2599
4932 3701
5858 8069
6941 9662
4418 8372
7461 7254
9363 5452
7709 1875
7908 6963
6727 6456
8200 5596
9685 7386
4124 4196
7453 5882
6421 7213
2300 3398
726 7476
9113 4322
8951 9255
6552 4348
9262 5774
1448 6780
2067 2849
7945 2516
4200 8947
7590 907
8854 4798
3941 1337
7566 2263
8602 4146
8031 7746
7153 4691
4964 7287
5895 6850
8147 2476
8723 707
8082 2419
6610 2443
1141 3423
9135 4440
6594 5388
9744 6348
85 6250
5089 5726
4231 6236
5045 6075
517 5246
6026 708
940 8499
7157 2638
5511 8518
4789 7220
9654 6030
5374 6568
9606 2012
7138 7938
6045 5297
594 143
8292 3119
2718 843
706 5310
1423 6821
1943 5947
1466 6549
2781 348
3809 7040
8423 1444
3613 3697
1929 7313
5656 6324
7705 7137
6161 2692
4374 3473
588 2670
7441 3849
1775 9343
4821 2963
9139 1983
4135 2619
4651 9302
6757 1868
2583 8132
9135 814
5968 7258
291 4085
4991 1608
7168 1794
2902 5240
9752 4091
9324 8344
4924 8759
2662 119
4859 8455
9271 6400
887 9786
9198 2661
4640 1591
9871 7276
7161 4836
9839 9134
1929 3040
9700 7375
2990 8084
7448 213
9711 3748
8598 4259
9798 1717
6880 1688
4109 8523
7163 3489
3541 8672
2621 5850
6687 1950
2810 6123
6022 7314
4014 3998
2362 3748
3552 1788
354 7006
248 1301
36 4377
1297 1628
9977 3432
6436 4089
1412 8182
5133 6673
5959 5916
6536 3985
501 8826
2334 5866
5383 3366
678 8120
1943 3622
7322 749
1865 2703
6917 4988
7323 5679
8446 6693
7951 5244
7677 2529
6009 9433
394 8586
8653 5059
1723 4158
3016 1717
8947 1207
9186 9601
193
7930 9310
8322 3201
5848 2966
7412 218
6465 9786
2351 9762
6659 8783
8593 3685
1097 2838
7690 2341
3979 8927
67 8565
1593 107
8209 9836
5849 6183
8206 6542
6918 8077
4819 5119
5604 5186
5506 5025
6860 8888
9239 1505
9891 173
7634 766
6620 2286
6366 9904
3593 6847
6309 1847
4756 2454
2738 6445
5849 5408
8060 7144
5005 2623
5287 942
8272 3144
6971 2776
2332 6321
7455 1281
4994 7069
2172 3594
4513 8250
4687 5957
9836 5787
407 1141
3952 1990
758 5820
5489 6709
7860 6531
5903 2468
2698 9633
2639 5401
5753 2452
1476 3160
8421 3487
4564 4513
5262 3903
3044 5250
5587 8850
8896 4482
4981 3717
5588 5710
3203 6061
1984 2872
5345 3310
7125 1790
6278 8233
5318 6016
7437 4917
1875 4945
8340 895
8624 2856
2939 1729
7824 4218
8758 5658
9481 2237
1368 9274
9181 3413
2204 9834
5730 7832
5125 4724
9355 3411
7540 5644
6840 8094
7598 4063
802 7033
335 7714
474 8340
2777 7075
738 7317
9428 3547
5643 5024
733 7620
9702 9658
377 6516
8718 2923
7223 1860
7619 3113
9082 2330
9080 6352
2082 3709
9418 6679
601 854
3988 1230
9553 185
4108 3877
9435 4587
9191 8970
9254 3848
3445 7776
1716 3516
7322 4728
7353 8385
8511 2823
3330 5297
9304 2116
1634 226
6164 7895
164 4063
7743 1165
6508 7201
1532 6637
3342 5992
1861 796
4581 6061
9275 2538
2032 6709
5265 8231
5568 4029
851 4394
279 7267
6572 6814
7304 2160
1080 6511
794 5429
1340 5016
5146 9406
452 1876
9294 4762
5522 5467
4795 6152
2525 2474
7178 4717
5529 4691
883 3404
454 3871
9629 3595
9063 9092
5785 2253
1602 9781
3686 4017
5665 6121
7911 9334
1920 954
4967 7821
9853 3433
5909 8649
1462 5750
6913 5111
1158 7531
8233 9970
8171 4828
7592 8573
1854 1422
4437 7796
5364 1977
2060 5328
682 2348
5742 5187
5464 3125
7001 7918
7124 7196
9686 52
2951 6967
6638 8010
3210 7902
4766 7308
8123 28
3352 1935
9294 4193
7685 6356
9533 4149
6216 7604
2243 3410
2354 4190
5912 8620
2253 254
4939 1924
5183 9451
8450 4909
7741 6439
8731 8947
2954 47
7435 3217
194
7010 4468
252 493
6440 7826
5691 9284
7270 6224
6287 437
1003 3796
1748 8375
5290 590
7675 6321
6158 559
4600 8554
8323 8741
4214 4777
1098 4562
7071 1625
7043 6634
6522 2840
4577 7544
1229 6535
2127 8583
3277 4360
1710 5151
8853 2540
2460 1187
3878 1240
7723 3401
1399 8302
1156 5292
6953 6034
1361 9541
929 2367
8013 1296
9063 222
9381 7397
6148 2322
8991 7214
9316 954
5354 6443
1664 5120
949 8162
9218 5459
905 2166
7858 8637
4470 7215
8041 9236
5827 8526
6085 5437
3663 5410
9486 372
8874 1439
1073 4944
1002 7583
4180 9184
6364 4125
5135 5157
1985 4853
1750 7856
5829 890
8035 2820
2117 1489
2634 6000
4365 8369
3168 1361
6445 4372
5670 8115
2009 6330
5672 1828
2665 8573
1943 8569
7623 5684
158 7969
5971 5033
9275 3664
2610 7027
7536 1530
6364 1109
9310 1136
4710 2635
8351 3793
5672 1495
3884 9786
2919 5100
3175 4005
6060 9272
2788 3775
3058 3519
9239 8619
8523 2353
3857 5556
8137 9481
2896 4406
4493 3275
1905 5994
4375 7818
4906 3913
2631 7281
8127 967
2246 232
8600 7817
9860 5492
829 9246
9016 5217
4515 2298
6512 5387
7067 7467
7883 3183
4771 3433
3544 3070
3311 2393
7353 9544
6211 9893
1369 4939
6774 8692
6821 5267
202 7924
2164 9110
625 3812
1936 414
5623 1763
274 846
9653 3522
4452 2096
3940 9033
9258 4872
718 8940
5414 4421
7078 5916
7153 9678
3287 7543
8129 8058
1791 8391
1336 342
7861 724
5237 2905
9602 3875
3077 7093
435 5907
6132 6767
7339 6737
7010 9130
1563 9764
9584 6500
5873 4512
1068 9264
3824 5105
1026 9260
8412 1914
7378 6449
2065 3762
3724 7655
475 32
5451 193
6841 7792
9365 6946
6067 8969
7533 1876
1685 4545
1256 8698
2709 3817
6236 7165
2637 4019
5064 5196
7241 899
2967 7459
7213 8076
3224 223
9372 2913
7565 3355
3741 8545
1076 2006
7199 3554
1074 3762
6866 5453
135 8189
4324 9727
7008 9043
6495 7661
5676 1866
6346 3948
8973 4940
7746 6208
5392 6116
3256 7802
4209 4801
3451 7779
6734 3301
3294 3458
5984 535
3028 4364
8784 99
8245 3236
92 5196
7562 425
198
5882 8450
3469 5183
2330 7455
56 2059
4193 5348
5675 1496
7337 8662
6842 3732
7328 9593
307 3341
3467 4824
923 4064
1898 9753
6364 6503
5952 5615
7358 7467
3698 6592
8219 8839
5044 9458
568 5942
9705 6403
9235 5690
9782 8375
4027 962
701 4833
5065 4840
7833 9752
1444 9377
8074 2029
5639 2817
2585 3657
8006 3804
1470 6440
4114 6767
458 6289
7528 3441
4251 6994
3386 1176
1267 3225
8475 9879
3720 9900
6041 9643
6548 4477
2240 8490
5496 4926
4999 1051
8408 8245
8677 3743
1659 9681
9842 4059
545 4401
6888 3173
9666 4382
2565 7792
5696 8837
6846 3008
5258 4792
2463 3543
5107 3727
7490 4956
5823 2590
9215 4815
4942 1470
7045 9477
6009 9977
2938 2710
3122 6535
2596 1211
4022 5819
4777 1338
1579 6028
3078 1157
8106 8998
4777 6682
3843 4523
7416 7738
7848 9038
3909 5519
4040 9846
4257 4476
900 1915
6782 9813
1366 402
1141 8595
3513 6644
4268 490
6513 9935
1791 2816
7351 1919
2300 4944
8809 2875
2350 5475
6509 2265
7088 7052
4427 984
8769 2
1067 5851
7701 1770
1866 1500
4383 1640
1230 533
2092 5241
3267 6809
136 9359
8852 4797
9110 9732
9361 2969
7121 8178
3637 6472
3115 8947
3437 7671
7903 8925
4973 7339
6622 5127
9905 5972
9561 8858
3731 2557
9065 7938
4716 3776
7605 7085
4512 6394
7145 9760
5147 1436
4192 2587
6527 3402
3971 8890
203 2245
7099 9920
8246 5391
3553 2901
4442 4216
8195 9275
8617 4080
9329 9647
2434 3160
6354 1087
7672 2981
4706 9889
2315 3226
2370 22
5274 4023
4554 1288
4641 2068
1812 662
5016 7212
4360 8627
3766 9257
9408 1735
4236 513
2006 869
5031 4694
4303 728
1612 3368
4614 1016
3034 3431
9475 8839
6941 3616
4654 9959
2539 6678
5000 5504
1598 2333
4644 4106
939 6354
7354 7547
9036 6743
3528 5159
4453 5603
1893 3795
6828 8138
3858 5224
9518 1756
8957 4320
44 1647
9596 8622
8237 9387
3920 1728
1210 1844
1408 9808
7082 524
2796 5806
1531 6289
5700 1282
646 8701
2659 1769
8408 2122
5214 871
5787 6263
6811 3331
7856 6988
9852 9705
1702 7993
2405 8448
68 4313
1266 6318
5330 4096
9237 7544
7628 2968
5786 7255
196
1576 2306
3732 6051
9100 6176
1761 8712
9086 4951
7979 6559
7225 2463
4134 804
8675 4311
3422 7058
7825 1312
9590 2410
3177 7062
9002 7590
6513 6153
2846 6572
9839 4778
5440 6986
1500 4505
4732 2820
1460 5663
31 7973
1168 4439
8330 1329
5445 6823
3956 3518
821 4357
467 9434
8148 3277
4064 2406
5220 7401
3743 3665
4195 8026
4864 2091
5689 4822
7607 2526
2427 7614
6241 954
9683 3605
9914 1011
1591 7367
1986 2859
700 6535
2340 4031
7808 8631
2171 7545
6444 5679
7237 5866
6784 1025
8060 5902
9358 6388
9232 2651
8499 1037
7284 4487
5204 8342
6506 1902
1260 4078
3760 9426
863 7629
466 7653
7505 7042
1318 7530
7582 6212
1197 6962
5489 977
5479 4430
6977 1427
4143 2046
2202 8837
1986 7715
6402 2158
4677 2751
2385 8068
9954 7843
984 3086
6908 6769
2345 403
1706 9918
748 3198
371 3813
6200 7002
2960 6569
5674 9935
1823 9911
4167 4606
1546 9382
7345 4617
2538 208
6466 4724
6104 7297
1721 6646
8898 1097
153 7409
9177 2234
5075 2449
8061 3807
3340 3472
4256 2315
5559 2087
2701 3261
2312 8806
6944 9298
2141 6086
6220 1197
649 4973
3950 4161
4520 6601
8232 9926
2636 686
2973 3627
5166 1514
640 8722
8121 4624
7677 3885
4060 9051
4652 9495
2074 6488
6617 8481
1268 8145
7695 5396
6723 6220
8256 5262
7803 2187
8240 6085
6060 1811
4738 9498
8879 2589
5738 1192
8292 2135
58 4995
9199 6302
667 7707
6037 4753
3071 9889
7652 6930
3306 1871
7780 3841
7466 1548
5406 9178
6273 8175
931 5034
6000 1329
636 7523
3576 7497
5695 1310
1073 3913
6236 1181
3940 8098
2119 7193
8929 2865
4654 4935
1478 5687
1347 5524
6031 8135
9619 1544
4687 4719
3660 7758
339 5084
5748 3234
6132 2234
4960 4690
7568 9239
8967 462
4035 9578
7220 6438
8795 8554
6819 7538
2291 6386
6877 1773
1423 4429
2598 1210
7924 6008
8214 2853
1661 7613
7498 1676
7569 5120
1139 7231
2966 1537
3334 9902
2829 4669
3616 9265
1482 4855
3962 1708
8897 444
1837 4156
5354 1614
7872 3059
1989 3639
1255 6008
9289 9913
5440 1974
4426 9948
1250 8771
7146 1176
9918 9306
3194 6222
196
7494 3483
7130 1941
7357 2080
3640 8555
8205 7652
3282 2376
7682 6059
5830 4755
2444 914
2751 5546
1763 3720
3665 1996
5133 6838
1382 4136
5903 8849
8930 167
4871 2933
8639 3387
6372 3969
4515 975
8164 4907
342 9178
3978 2149
1415 799
3582 1459
5427 6373
6427 3987
8973 5274
565 2257
3540 9339
6256 1184
755 1253
8279 8633
4369 6134
5156 3252
7412 1200
7397 209
3930 9753
1726 562
7777 5779
5427 4216
8240 879
649 966
5540 8148
4282 8011
7683 7708
1435 9373
2007 2748
3444 7190
5048 1341
4981 7180
6754 1155
5737 3097
1021 7884
6777 9849
7774 9218
5948 9308
4441 189
7161 9061
9850 8679
1396 463
9663 9373
1220 15
4867 6842
5265 2255
8244 9958
3031 3052
2341 1105
7954 6346
9335 984
2849 4834
9267 9216
4630 9888
4475 6885
2681 7828
5538 9618
7594 7227
5366 7312
8550 6679
8267 7305
4340 1797
7994 6920
4361 6399
1379 6173
3164 7794
5181 8424
7798 804
6602 4288
1401 7655
1591 1950
6450 4898
2145 45
8282 692
254 8112
2026 6095
7999 1823
632 93
7704 5803
2318 4051
2209 1822
144 6380
934 9904
760 2687
8673 3165
1133 5102
4144 7076
837 6102
8750 9973
2539 8492
3773 1599
148 349
4883 819
2622 8024
3254 1954
445 1285
2366 6154
1687 7074
7807 2024
6148 2493
1570 9731
5506 9960
2089 4253
1006 9196
4113 5328
8447 9081
8195 6870
7002 8711
4277 4310
7360 7956
7397 7522
1509 6194
7895 731
8792 257
4387 4043
5254 4984
9618 6871
8784 1021
615 398
7982 6730
1353 6739
4422 2509
1480 1975
4730 9809
3511 9432
4333 925
3988 9709
5448 232
1192 6206
4256 8975
9764 1185
8279 904
312 2263
2370 2169
5845 1115
807 7384
2868 2586
5785 441
9278 8611
3989 1703
3929 1320
5098 8960
2920 3150
3983 8672
3833 6602
3412 5856
7600 4104
2407 9464
3666 672
1793 6806
5124 3976
1567 8011
307 5200
4562 1755
5604 1930
5209 1661
3802 9585
3143 5826
866 6706
5803 9516
3370 3303
9872 6963
8331 4767
3756 7236
1979 3273
1868 4491
6087 3498
9192 9570
7937 4111
4957 8417
6151 3816
6055 5124
832 6932
577 4694
1741 2064
9599 6534
3930 6197
197
5720 9329
4937 6291
1684 1712
2519 184
8013 9347
3951 7226
8115 7487
7060 6969
9840 3653
6443 1444
1378 187
6597 3990
8093 3308
7903 5252
505 1715
7930 4672
4166 758
9661 8451
535 9449
4249 9172
1174 7949
3001 6232
4036 9002
3604 9949
1591 7430
1230 5551
136 2869
3923 1661
2493 3404
4036 317
7190 7406
1006 6295
1898 8996
9319 7532
5151 2581
5742 2671
8886 1906
9778 360
2020 4207
7063 9881
6724 4678
8813 5571
1814 3078
9261 3596
9749 9663
4730 8281
9943 7880
5611 1369
7293 2249
5196 820
9142 3164
4843 5724
4847 8037
4791 128
9246 373
6014 9462
7142 5311
7079 9790
9686 742
9257 9124
5210 142
5307 9389
8864 5899
8679 7970
192 1525
3427 6100
3253 1391
8695 8090
2870 5396
1026 5764
7908 8815
1682 9715
8848 1982
1052 4258
8232 8831
1027 3167
4836 6891
6992 3502
3159 1214
9229 3212
3808 3310
4319 5407
6412 8758
6391 2145
4643 268
2665 4343
5972 7165
4999 8029
5163 1844
8314 9746
6530 7453
3889 8530
6962 4889
6938 5880
8523 6330
2447 3056
8704 5955
2959 4251
7728 4619
3906 1378
8992 1055
2144 8429
3446 7547
1436 5506
1621 2151
4964 4890
3656 864
8819 2354
6483 5259
4008 9181
8303 779
5781 2525
6825 4535
5748 7473
6681 4451
4271 1669
4774 8322
64 6087
2941 4406
1047 8753
3492 4822
6609 6573
5116 7311
7561 4237
4799 8951
5316 5542
9117 2976
2740 4766
5294 1019
6190 4445
3258 942
3945 5854
9741 334
817 7338
5340 8541
9524 1256
3821 8963
1831 3612
4374 6078
9479 3321
5504 6110
348 3366
3604 8018
1120 6448
1204 2481
359 538
1506 4231
5812 20
3404 2319
2973 2100
6002 2137
8886 2269
7469 5617
4361 2631
4731 7967
1371 4515
2590 9060
9928 7216
9286 1903
6747 2002
8336 5524
7755 4261
5679 2385
7659 5109
1037 7118
8313 8351
778 9958
347 1296
1796 2107
5463 9430
9312 8449
736 5085
8178 204
2977 6194
7340 2334
9425 2220
1925 9694
4484 992
8362 9492
3608 4763
8378 5676
8090 5541
4607 612
1076 7218
4741 3560
6883 500
7590 1775
7743 6303
7437 4868
6364 8779
8059 6465
1943 1077
6103 6885
3909 6714
4756 6314
8913 6617
5195 9455
198
4750 457
9889 7516
4960 563
7028 3321
9561 7969
2721 4329
1562 4922
1611 6246
1062 885
6626 6828
6246 517
4018 7261
8006 5706
3998 4483
4557 5260
4262 1766
7623 4113
5916 8977
4335 1761
390 9489
353 655
4900 7299
7804 1826
5390 1906
1784 9271
9353 8969
490 6447
1833 9999
6056 2387
8308 8275
728 9271
1829 4494
3910 4350
3968 3630
2733 8248
796 2254
7514 3809
6052 3904
2573 9331
1888 7504
3785 2603
5712 843
4420 21
2602 840
1730 7270
9459 102
2501 4533
9328 5397
895 6664
5545 9519
1946 8787
6664 3542
7690 6582
3178 5831
805 8863
1146 430
5837 5418
7218 7828
9225 2387
7017 509
4997 31
80 8076
9671 9590
2111 346
4227 8965
5744 8566
4499 4337
8469 8715
8494 3621
4054 644
8815 2419
4999 7418
6996 7225
9798 3747
125 5588
5466 2347
3127 1292
5054 1874
9090 7791
1076 1986
6573 4567
9036 3924
3897 1875
7057 2069
7584 168
4564 5483
4467 5946
5817 9809
6989 8310
2672 9642
8468 2545
480 8882
9890 567
4946 1054
8447 2291
2225 4598
7637 2673
3914 4419
2088 2002
4299 4692
5359 7780
5544 2340
2009 1024
7306 5170
3306 2000
559 4134
1052 8641
3969 4737
8700 9055
4107 559
9131 312
7628 470
4033 7605
5189 4431
8978 7118
6964 9071
8255 6092
6737 453
4845 2946
5060 4969
3052 3539
35 6807
7800 3544
1615 8128
9233 5036
6498 157
7139 9028
299 2772
9137 7205
9111 5066
4913 4900
6348 6166
3916 2535
4268 5531
4318 460
4554 2456
2030 9857
6657 1359
8747 2821
3865 6720
6369 4880
5854 1765
7118 3151
3915 4773
1275 5787
3569 8202
5059 7159
4865 6753
3090 231
6811 4603
6203 8565
4114 1321
1860 6104
3285 9755
8348 2529
5588 5375
9435 7509
4753 2234
9784 918
9021 8396
1716 7125
7815 4361
1188 1604
281 3509
4057 8310
6864 4790
2594 3956
8386 171
1221 256
8522 6650
83 8556
5500 9490
4442 28
5537 1357
1706 5367
619 519
4444 5232
1169 3468
1808 3831
4353 1193
1797 570
3202 3283
4179 4914
7973 6651
4602 264
341 4283
5204 3466
5424 4105
4324 5273
7137 430
97 3977
8493 8332
8069 9108
7827 3374
3369 8859
7226 4532
8256 8517
6581 834
