100
1497 1
1922 1
1896 1
1954 1
639 3
1918 47
1839 2
1937 1
1901 2
1974 5
1893 16
281 3
847 1
1991 61
1872 1
1859 1
455 1
1874 32
1847 39
1938 2
1966 5
1957 1
492 1
1875 5
1806 5
1919 5
1836 5
1996 1
1849 1
635 1
1827 2
1916 1
1987 1
1325 1
1882 1
1812 61
2000 1
1912 3
1928 1
1985 96
1802 1
1880 1
1910 2
741 1
1815 34
7 1
1978 1
1241 80
1992 1
1990 1
1837 2
167 1
1852 1
1995 1
1848 1
1894 1
1850 10
1953 2
91 39
1866 3
1873 1
1731 5
1943 3
1828 1
646 3
1380 1
1843 1
399 1
1 1
1970 72
1844 1
1914 48
1999 2
1829 97
1890 3
1956 2
95 1
1972 67
832 5
2000 100
1811 1
1807 1
10 2
1840 1
1816 1
1864 1
1984 1
1988 3
1851 1
1923 1
1989 2
1823 3
1959 1
1917 1
712 1
1838 1
1924 1
1803 5
1930 3
1141 5
