100
80878 5
99804 1
100000 100
48741 1
99830 1
19330 2
99890 2
99887 3
26748 1
99981 38
99916 1
99854 1
99859 1
99897 1
99951 1
99806 1
99895 1
99943 1
99910 1
99838 3
75320 5
29967 3
80295 2
46154 1
99928 68
99934 16
99945 1
99904 5
99941 2
99991 1
99858 3
99822 1
99853 3
99861 5
99837 34
99965 1
99892 1
99920 3
99970 43
99896 44
99993 3
99921 1
10 2
49762 30
99994 1
99821 1
99855 1
99958 1
99879 1
99840 3
99946 9
96949 39
76911 2
7 1
1 1
45093 1
99911 2
99891 1
99715 1
99880 1
99973 1
99969 1
99802 1
99810 2
99932 1
99925 1
99899 1
99939 1
70234 2
79434 5
99856 61
99988 5
27181 1
99863 1
100000 1
99827 1
79401 2
99968 1
99948 98
46395 1
99852 5
99964 75
99831 66
99826 90
99996 5
99915 1
99976 5
99815 45
99978 1
99926 1
99836 5
99845 1
99937 1
99997 2
99908 1
99962 1
99960 1
99833 3
99967 3
99900 1
