1000
13 28 46
47 32 85
79 29 41
95 61 13
12 55 55
1 97 39
56 84 29
12 72 83
96 10 58
20 62 88
1 54 73
77 61 9
25 23 43
6 26 84
0 55 55
38 96 19
80 2 41
29 36 86
23 68 11
7 56 41
70 93 6
14 33 90
68 82 88
71 28 11
96 97 9
65 69 32
42 13 34
80 78 67
0 20 21
80 33 25
43 58 83
7 29 92
6 68 91
57 76 70
77 46 98
91 63 85
96 74 56
64 88 26
43 47 33
97 76 47
44 88 41
0 65 91
97 37 34
59 31 96
13 68 39
10 87 38
28 44 77
90 76 61
74 77 38
34 15 71
25 76 48
72 69 8
66 98 21
61 95 87
63 93 100
79 91 11
77 31 9
90 22 23
53 61 85
4 42 74
77 83 58
93 6 84
12 59 63
22 89 58
73 94 6
23 17 75
22 84 76
19 7 99
99 60 89
53 70 66
35 22 38
61 56 2
10 5 43
8 61 41
45 58 33
62 44 84
91 77 4
77 67 94
72 84 72
16 11 38
79 67 41
5 77 17
44 95 98
96 44 13
43 54 4
22 4 96
38 18 100
67 23 25
4 45 66
56 1 93
59 30 95
20 73 83
31 11 98
45 12 15
44 5 97
55 83 24
39 42 75
7 95 21
95 29 87
92 3 36
34 26 6
51 52 94
15 12 1
15 48 19
70 67 75
98 28 93
62 59 95
75 93 5
97 83 99
9 78 90
51 26 61
26 7 46
8 2 87
49 97 30
10 38 38
23 8 13
84 79 64
89 84 47
80 53 38
45 24 72
95 52 21
21 1 14
38 31 43
97 24 78
84 38 75
63 39 40
4 86 31
57 38 52
67 53 15
38 18 74
33 17 14
71 83 38
8 7 32
54 93 10
67 12 75
96 46 59
46 18 82
51 16 83
13 64 42
50 78 61
59 75 48
20 14 88
84 70 75
84 69 3
81 3 94
46 60 87
93 94 28
82 89 7
22 21 46
69 26 21
69 39 59
92 31 9
80 60 28
68 88 23
50 22 62
84 63 23
31 57 62
94 29 61
79 37 2
14 30 25
22 45 39
3 75 98
47 74 14
0 2 42
3 96 47
72 40 83
36 93 63
65 77 35
48 48 69
43 9 84
12 88 91
61 87 41
64 81 11
19 80 12
49 86 5
41 67 73
22 14 70
12 98 95
17 52 13
9 10 84
76 70 22
28 88 81
61 58 61
3 66 73
13 21 19
17 2 33
46 60 37
50 66 61
2 100 54
94 73 33
98 69 74
32 38 20
2 42 20
0 42 24
23 7 3
1 73 59
83 98 82
67 19 16
100 26 16
18 69 54
97 70 4
75 68 11
16 54 82
17 53 33
13 9 61
96 55 72
55 77 36
99 99 99
43 48 99
47 66 45
88 58 41
87 37 36
41 35 64
74 3 72
30 57 67
100 18 7
81 30 41
77 46 25
30 5 25
34 72 48
86 25 64
22 34 52
88 55 34
52 56 84
7 84 22
91 47 20
100 89 96
35 68 35
30 44 90
18 28 91
6 53 79
82 24 95
26 91 40
84 30 23
7 55 85
38 86 11
97 18 34
16 48 34
2 98 62
13 63 44
47 1 94
2 96 76
44 35 57
32 94 82
5 74 9
34 78 21
69 74 98
27 97 67
33 58 9
99 61 22
34 67 6
87 20 40
79 20 6
74 83 52
48 64 69
84 95 42
35 57 4
46 65 73
21 26 87
67 95 83
48 59 23
87 28 17
51 61 95
47 39 84
53 97 9
95 21 59
94 41 86
42 8 52
75 2 67
17 78 67
75 37 68
40 29 7
52 29 5
60 83 20
5 42 25
34 72 75
24 57 9
18 89 10
38 73 58
92 55 47
20 71 63
5 77 3
47 8 15
52 68 7
1 69 27
84 32 46
34 16 89
12 39 71
46 13 17
75 46 17
1 22 6
75 23 60
51 7 31
29 11 42
17 32 44
36 22 35
20 73 91
59 96 91
99 8 69
8 3 76
39 12 84
45 24 7
61 6 25
16 86 48
57 53 73
75 9 23
6 56 93
11 45 47
16 12 2
64 82 82
54 84 77
93 37 34
1 94 5
25 43 87
8 44 91
90 67 82
17 73 94
87 47 83
100 91 95
33 55 85
73 29 39
79 6 20
21 94 36
87 70 20
82 2 69
66 30 100
50 95 41
56 43 8
35 71 80
21 89 97
33 60 68
23 34 79
78 28 94
96 23 79
32 27 27
48 100 7
39 5 38
66 75 25
95 33 26
7 52 33
37 29 63
94 30 5
7 13 96
57 26 71
61 89 91
93 28 75
64 20 30
67 56 15
73 94 45
51 22 21
75 36 52
5 85 97
1 52 5
7 79 5
28 89 30
30 29 57
78 92 39
48 16 37
96 23 25
95 82 27
21 6 39
28 11 21
41 54 55
84 40 70
35 97 48
4 47 5
74 32 14
24 57 38
13 42 34
82 97 70
78 21 43
52 79 95
63 97 5
83 53 23
59 19 85
21 99 3
4 99 34
85 85 34
98 38 32
41 85 37
63 90 6
98 23 27
48 46 58
84 26 67
55 93 15
100 76 79
52 37 89
8 67 44
26 4 85
83 15 78
44 65 58
19 15 33
44 71 96
65 70 12
37 56 98
29 75 87
95 11 94
53 48 96
65 34 26
31 90 6
70 35 40
22 42 25
92 82 14
100 1 1
38 20 36
57 59 38
84 24 17
56 22 38
25 24 95
13 46 10
33 70 76
50 20 90
14 60 30
33 29 79
33 35 34
6 74 68
39 68 89
98 31 67
88 27 3
92 67 54
42 4 54
70 25 2
94 54 91
43 30 26
54 47 14
54 12 86
78 56 13
92 100 81
40 32 40
12 9 17
29 2 60
41 62 75
31 30 58
81 13 32
3 8 88
5 47 66
42 7 15
7 62 58
82 47 30
44 33 42
60 87 90
23 21 97
66 15 25
8 47 90
39 85 37
81 16 88
20 18 1
85 73 67
12 83 57
89 21 73
90 47 68
82 98 10
91 77 63
47 88 70
86 15 32
78 31 43
61 55 7
84 79 77
81 53 85
43 82 18
97 58 73
23 89 93
21 80 63
42 12 84
85 93 63
10 55 27
57 48 78
52 39 2
19 67 40
85 84 21
16 58 42
41 88 72
67 7 97
16 53 10
45 39 23
73 81 87
100 68 14
73 5 80
2 35 88
46 71 15
50 42 68
17 89 70
11 32 65
24 24 77
94 24 53
80 74 70
71 87 7
94 75 65
75 69 6
8 100 13
38 4 1
75 53 41
76 7 28
98 13 29
62 24 38
6 37 12
28 37 95
39 62 100
33 36 11
38 13 25
81 14 29
100 90 10
15 70 53
19 90 69
54 69 77
90 98 72
99 26 64
82 20 52
8 92 17
42 63 85
86 7 52
28 81 52
75 18 15
16 88 96
61 11 61
23 24 41
48 21 33
37 65 24
76 82 99
45 94 28
73 66 59
57 10 21
26 54 1
76 78 55
15 14 85
91 9 77
93 68 55
77 97 48
41 31 52
51 37 95
19 23 85
47 92 81
16 46 80
40 31 94
15 81 30
100 17 30
72 98 89
82 79 96
56 44 57
59 83 100
37 21 1
36 60 91
20 24 95
85 71 33
0 15 62
31 80 31
37 17 62
49 47 74
97 40 88
79 8 72
7 83 47
85 70 9
0 57 27
68 76 65
100 84 31
95 24 55
4 25 17
13 55 55
74 35 91
75 56 53
25 69 7
100 55 38
29 23 13
34 14 7
65 48 46
65 39 45
91 96 80
37 26 33
52 33 14
86 54 55
25 12 74
8 64 34
99 77 4
65 81 74
10 33 33
54 8 62
29 16 45
6 54 76
100 35 40
93 92 92
58 85 42
67 60 99
13 15 91
16 93 89
87 57 12
58 63 62
75 97 59
99 70 86
53 85 73
30 5 55
97 10 17
16 58 27
50 69 97
11 99 92
81 88 84
13 62 100
12 33 57
76 47 70
16 96 54
28 95 81
93 8 68
76 87 22
55 84 13
78 3 72
84 58 8
35 45 55
45 19 56
92 40 17
83 25 47
16 66 92
64 70 73
98 22 42
30 64 56
55 94 27
90 70 34
72 17 12
20 94 40
38 2 57
98 80 87
49 2 81
57 71 100
0 39 48
74 24 4
51 39 32
5 21 40
41 32 82
19 78 93
17 31 57
38 13 28
54 28 35
38 15 17
0 34 29
53 52 65
19 87 86
1 45 6
15 29 66
59 60 85
85 73 70
73 60 73
80 65 25
93 5 46
23 35 44
53 90 67
19 53 6
34 44 71
88 64 68
21 52 78
51 66 33
28 1 34
88 7 40
14 72 37
96 46 9
24 66 29
46 100 56
55 71 46
76 41 73
63 74 95
9 77 77
57 76 73
59 82 94
13 82 4
40 9 35
27 23 72
56 82 23
83 45 78
21 84 62
10 22 75
60 68 69
24 100 35
52 96 17
61 65 100
38 3 52
52 23 15
60 29 94
100 39 9
91 83 54
7 52 70
82 56 91
43 97 35
47 66 68
2 32 95
94 53 82
50 65 61
86 23 47
91 88 3
46 26 68
82 45 77
2 94 46
5 95 26
92 7 98
57 28 81
100 27 67
70 100 38
32 96 39
61 11 30
48 19 14
11 78 3
74 73 98
0 10 42
71 35 27
18 82 44
74 86 76
92 4 28
100 91 42
71 81 41
9 100 8
48 100 27
7 54 41
98 6 75
27 61 19
100 98 41
96 67 6
46 25 23
30 65 81
49 32 95
35 72 76
18 22 25
67 10 77
83 39 80
97 48 53
4 47 1
25 61 69
11 5 82
95 23 15
52 27 39
73 91 41
42 93 63
46 83 61
37 3 58
57 41 42
65 77 76
25 25 97
0 68 90
15 100 82
100 33 89
7 78 53
29 25 59
53 22 1
28 2 36
34 29 29
53 100 79
53 77 48
43 72 63
53 28 74
75 55 81
10 33 21
77 91 2
99 70 27
52 91 16
49 37 81
68 85 59
22 75 38
88 76 98
15 81 62
36 17 39
76 85 40
34 27 91
2 48 25
71 75 75
35 43 32
49 22 17
68 94 26
80 25 64
64 15 25
70 16 5
8 88 1
63 18 95
82 19 81
18 13 17
62 46 8
98 100 65
73 43 35
1 81 66
6 90 18
31 46 91
25 63 58
49 48 55
59 46 2
28 9 52
55 47 53
99 35 58
25 47 39
33 56 65
21 17 22
82 32 14
17 36 76
85 55 91
47 12 95
89 80 24
69 77 100
99 92 73
93 40 71
42 33 8
25 85 66
69 96 3
91 86 25
38 8 35
29 71 99
10 55 4
91 10 57
77 21 90
70 35 42
31 9 97
90 48 65
2 77 57
76 86 17
60 2 68
67 43 20
54 7 5
79 46 84
22 97 31
52 68 11
78 22 46
62 18 5
72 73 82
81 64 70
33 34 86
62 46 1
78 12 26
77 65 16
60 52 78
11 69 57
44 4 23
2 47 93
91 2 11
50 96 59
48 86 21
65 83 43
57 98 14
79 74 13
59 8 29
75 71 84
62 17 79
55 80 45
75 97 39
94 11 37
61 11 97
87 63 16
19 95 1
16 97 9
74 86 67
60 81 83
95 88 7
75 83 75
85 13 84
30 61 23
67 58 20
99 41 62
13 45 52
28 95 98
79 87 63
0 32 79
95 20 58
37 87 8
3 40 45
26 2 42
72 36 27
33 12 86
73 41 26
93 91 57
100 23 20
93 21 57
23 5 33
93 26 48
35 29 87
18 95 60
19 57 99
85 85 71
57 66 7
94 6 97
61 9 64
85 74 65
20 56 46
61 29 41
61 30 32
5 47 9
86 33 83
22 28 37
57 87 8
71 28 4
90 24 63
100 74 54
25 93 2
43 81 99
84 18 41
61 85 22
46 13 25
5 66 37
79 6 30
97 61 94
34 21 80
3 82 67
40 87 59
66 26 38
23 74 80
17 43 82
94 30 67
74 32 16
6 33 77
1 12 64
83 62 4
82 47 46
58 20 22
28 62 38
58 91 89
8 87 8
23 7 39
30 60 84
1 87 21
5 34 58
54 18 72
79 94 60
50 58 100
32 77 66
11 10 80
27 23 13
71 59 9
39 72 57
32 71 93
34 74 94
45 61 96
28 14 70
88 45 37
57 92 78
34 92 25
84 53 47
4 99 54
37 33 18
38 92 85
13 9 38
91 48 60
7 21 17
63 53 74
51 9 46
8 31 78
86 92 88
57 27 68
31 37 19
11 83 30
47 27 8
37 87 64
34 92 69
23 3 100
59 30 79
60 24 94
82 87 30
91 35 47
91 65 22
63 42 23
34 66 96
20 98 70
0 99 43
74 92 31
31 83 25
10 37 85
72 45 65
58 58 81
44 62 13
66 90 100
23 76 96
83 12 56
69 11 77
98 85 64
17 55 29
90 69 64
2 36 39
12 71 89
24 64 84
77 89 75
72 68 30
60 98 27
12 7 78
12 8 16
88 5 55
49 42 78
76 23 47
100 6 94
36 4 21
100 63 3
75 79 54
45 39 5
90 14 81
99 58 92
41 5 75
69 3 81
54 28 31
79 7 62
29 35 24
95 44 79
80 5 56
69 18 21
53 6 61
6 23 99
64 38 29
50 45 96
100 61 33
35 9 73
58 16 65
61 88 67
8 61 3
