20
12 1
13 2 3 1 2 11 4 0 10 1 4 7 5 10 6 7 0 6 4 8 9 11 8 1 3 7 9 
80 89
12 8 64 44 47 36 21 31 77 71 35 62 61 17 6 63 2 39 63 68 70 0 64 47 45 
6 21 70 72 18 66 69 66 45 25 77 33 26 
20 37 9 36 0 33 20 22 69 65 61 18 50 21 24 62 41 53 59 11 4 23 17 41 48 39 54 65 77 49 57 48 4 32 19 25 26 73 18 53 76 
4 5 56 49 22 30 50 32 21 
18 49 78 53 47 71 39 44 42 65 28 72 19 25 15 71 60 10 77 68 77 17 1 7 3 10 46 36 7 58 19 10 27 15 34 1 0 
18 48 15 16 20 71 63 29 20 27 45 34 24 44 28 0 2 32 44 52 75 40 30 26 9 72 61 21 4 25 79 62 50 51 74 55 15 
5 19 76 44 20 32 7 7 13 20 3 
2 43 67 40 61 
1 8 13 
18 31 3 70 38 30 57 60 24 55 28 29 40 75 78 20 6 55 2 21 22 34 69 38 6 28 0 49 63 53 18 5 35 55 1 35 34 
6 65 42 33 56 48 42 22 42 29 55 69 64 
14 53 25 74 63 9 69 71 56 17 33 17 34 60 64 11 64 68 59 23 38 53 24 31 4 16 34 32 28 
15 23 34 0 24 49 60 5 70 52 77 11 28 66 16 12 41 31 42 60 45 48 0 55 63 5 7 6 54 43 24 
12 59 2 76 77 73 1 27 28 6 2 52 68 75 67 29 12 32 72 41 8 42 64 29 1 
13 48 26 9 64 62 39 8 35 69 54 70 77 51 37 11 34 47 21 7 28 23 69 14 2 32 8 
19 75 64 23 47 56 24 66 25 0 3 58 9 17 58 73 57 5 46 18 76 43 54 27 9 30 1 12 64 30 15 33 66 38 28 74 1 51 14 
19 16 37 71 67 73 21 53 16 20 34 34 4 19 37 18 79 11 0 5 71 73 39 43 35 46 3 52 56 56 21 18 54 67 4 31 0 23 33 
7 44 59 39 6 32 50 59 77 51 56 25 11 5 48 
4 53 6 58 33 33 59 40 31 
8 76 4 41 31 10 11 23 74 43 6 34 0 58 21 47 50 
13 46 2 15 31 75 23 37 39 62 77 52 70 54 57 10 57 74 61 41 70 51 12 58 66 49 50 
17 40 45 36 40 22 76 72 6 48 14 72 78 73 43 31 64 74 6 30 65 71 68 46 13 36 34 14 69 12 65 23 56 50 7 
14 5 1 12 17 40 21 66 39 41 16 59 35 41 77 34 28 11 45 10 60 10 24 9 57 23 77 62 31 
7 21 26 52 24 12 27 52 15 65 45 73 26 36 43 
7 41 42 59 38 78 54 22 4 51 1 30 3 58 44 
20 51 55 16 35 62 26 36 59 22 15 6 28 39 24 45 24 70 45 32 45 58 35 30 34 62 44 37 63 55 44 40 13 79 37 21 20 49 61 65 2 
16 62 1 78 30 5 2 48 39 71 43 56 6 44 60 26 50 40 14 46 54 32 70 63 28 55 78 51 69 1 3 32 11 
13 30 76 59 45 13 57 56 31 75 15 29 76 41 6 67 3 25 35 62 70 45 2 32 5 56 3 
16 18 57 40 78 75 61 44 77 37 24 68 0 51 11 12 34 61 54 5 68 72 49 30 25 47 74 68 24 40 8 75 7 
13 71 14 79 54 70 64 47 60 26 69 44 13 51 17 7 2 32 66 71 8 78 61 70 4 45 28 
19 55 67 43 15 27 11 30 68 55 13 36 15 39 57 6 77 55 7 23 45 29 2 11 7 73 25 1 42 48 43 42 3 73 62 39 76 79 1 
7 32 48 5 22 70 31 41 33 53 28 26 59 66 67 
10 75 0 72 30 51 28 39 13 12 42 64 57 45 13 17 19 71 9 47 37 
18 18 3 41 18 10 20 53 67 61 0 59 4 50 13 51 15 48 22 23 22 17 24 58 53 21 9 33 15 30 22 72 69 40 56 20 37 
11 14 24 50 28 40 44 1 7 56 68 27 43 56 11 29 24 16 25 40 35 58 70 
7 6 13 43 9 33 4 23 21 27 3 74 79 23 2 
7 53 7 15 7 29 73 22 28 32 12 47 20 58 74 
7 22 3 45 64 62 40 51 59 17 61 56 13 32 53 
20 10 14 29 35 49 1 34 13 49 33 15 45 21 35 20 38 23 25 21 1 49 39 9 4 44 57 48 6 30 2 6 24 33 67 16 50 50 76 32 40 
7 67 34 65 22 78 67 62 58 47 63 51 70 16 68 
4 52 14 32 59 48 31 36 3 
6 70 57 12 63 43 59 20 4 12 76 29 60 
20 41 44 15 46 17 15 51 66 43 0 25 60 41 27 78 26 31 24 29 43 33 70 73 36 41 24 1 76 5 41 11 79 9 76 19 67 38 4 55 3 
10 69 13 52 21 61 63 23 35 65 6 49 45 62 35 44 43 19 64 33 8 
9 53 79 72 45 51 65 43 42 62 14 36 9 67 54 72 7 55 9 
12 52 41 74 13 40 2 29 50 14 37 74 46 71 15 17 78 26 3 45 39 8 2 56 37 
8 46 57 7 6 32 47 48 64 48 68 30 31 40 24 21 15 
20 71 4 51 30 47 13 43 61 27 6 48 45 29 15 52 43 20 77 47 79 62 23 11 35 24 2 71 31 16 59 51 42 10 6 23 58 60 34 22 38 
11 6 4 21 39 75 24 32 60 8 28 14 3 41 50 27 65 73 70 70 37 79 0 
11 12 2 51 43 34 77 39 4 15 77 41 9 37 50 14 31 8 59 12 54 58 79 
19 12 38 78 31 75 9 29 69 39 2 45 6 21 0 14 67 41 39 75 33 43 45 21 68 51 21 60 61 12 18 78 59 74 70 58 38 15 37 
3 59 63 20 63 76 3 
19 49 7 23 9 5 42 17 13 26 64 66 48 30 59 52 16 72 40 65 64 28 4 55 53 28 57 78 76 22 31 71 70 29 46 65 70 71 3 
4 14 57 52 7 14 4 48 8 
9 43 3 60 50 14 20 20 31 38 69 5 24 24 57 55 57 8 14 
17 45 9 30 79 65 24 20 1 51 45 75 56 17 66 14 28 61 69 1 64 26 45 55 4 62 11 71 61 29 27 14 0 43 76 
3 62 42 79 28 65 4 
17 70 46 48 44 51 19 9 28 27 79 16 31 3 2 26 11 25 22 79 42 25 37 36 37 29 45 79 2 72 68 67 0 59 64 
10 24 4 55 65 72 3 48 11 73 13 12 37 11 42 72 16 51 75 68 15 
18 59 50 18 46 44 0 23 66 75 45 66 79 43 1 34 6 48 10 23 13 7 69 6 3 12 39 62 64 29 51 49 69 52 9 70 50 
1 66 46 
8 41 59 21 7 11 46 35 6 66 35 77 57 72 64 22 13 
17 8 68 48 65 14 45 14 76 71 50 79 24 55 60 9 54 58 14 73 66 20 76 29 79 52 53 47 31 72 20 65 11 51 23 
10 12 61 12 59 72 47 73 77 5 27 66 76 51 44 44 8 21 64 21 14 
5 78 79 23 67 73 16 46 76 58 59 
7 45 34 67 69 58 22 47 3 48 61 38 42 33 16 
9 70 0 22 1 18 61 61 13 33 9 71 0 48 3 47 68 66 19 
3 37 77 75 53 56 42 
5 66 54 72 8 5 30 79 38 32 9 
8 53 56 37 57 29 10 15 76 53 22 20 61 65 59 27 34 
9 44 1 28 24 40 37 49 65 73 76 36 54 45 35 5 62 43 11 
20 12 68 58 34 32 36 58 68 58 56 44 7 66 38 65 39 75 18 19 26 26 57 59 69 36 55 67 35 73 42 36 19 12 31 51 0 52 69 67 2 
5 72 23 53 10 17 64 29 8 72 79 
20 71 11 11 3 22 35 44 35 19 63 70 54 74 28 72 28 12 22 36 57 37 3 73 54 62 67 42 57 51 4 10 50 32 37 69 42 10 63 24 64 
1 36 14 
14 28 2 59 54 40 43 27 50 42 2 12 78 40 41 55 18 58 4 6 76 67 42 19 7 14 39 25 21 
12 70 59 8 11 1 69 49 28 56 44 36 46 5 74 29 25 62 16 78 70 43 64 55 61 
8 35 77 79 50 14 9 8 43 72 42 5 18 66 74 36 74 
5 8 37 55 40 30 44 23 1 62 18 
2 51 2 44 21 
10 72 59 42 77 25 74 68 37 61 24 77 4 40 38 29 19 20 35 73 10 
3 15 63 55 46 23 19 
16 37 45 75 30 75 21 11 38 49 27 25 43 33 53 66 31 47 76 7 34 48 76 5 23 14 61 15 39 51 33 74 11 
1 32 26 
6 74 59 60 6 23 39 27 24 32 13 32 74 
16 72 71 36 62 11 61 70 2 16 15 30 77 12 15 41 3 70 11 55 75 48 2 23 68 8 45 12 4 16 60 72 53 
17 52 46 22 0 40 33 70 3 36 31 38 3 30 14 37 7 65 13 8 42 33 65 66 42 79 69 58 39 47 69 10 39 29 64 
1 78 46 
9 41 78 25 7 72 70 27 77 70 34 37 0 13 3 61 6 47 16 
27 2
8 3 20 2 12 5 25 10 24 21 7 8 20 3 17 5 23 
6 18 17 19 8 19 25 0 16 0 13 3 13 
22 8
5 7 11 6 13 6 21 9 14 15 21 
12 17 7 13 15 0 7 16 3 7 5 9 2 9 12 17 9 10 13 9 20 6 8 17 16 
13 6 0 6 1 14 15 16 20 14 19 1 8 6 10 3 12 16 15 10 7 4 7 6 4 4 18 
6 17 1 20 15 0 16 3 4 6 20 10 20 
17 20 13 6 5 19 7 10 12 16 13 14 12 11 18 1 13 4 21 14 13 17 15 17 3 16 18 7 18 15 19 16 21 10 21 
16 18 8 12 19 10 11 19 11 2 8 14 20 0 3 16 12 6 3 3 8 9 6 2 12 16 11 0 1 3 21 20 7 
8 14 21 20 11 19 18 19 5 16 10 17 14 1 3 20 19 
20 3 18 1 12 13 12 17 13 17 8 15 8 4 5 12 5 14 10 10 3 12 18 16 4 2 13 3 19 0 2 9 8 11 5 0 4 14 7 3 7 
43 74
6 31 17 20 10 18 29 35 25 18 4 26 39 
6 3 39 34 37 36 24 32 22 1 16 32 23 
16 7 3 18 40 18 31 1 22 24 38 36 31 40 30 12 30 21 13 3 0 32 30 13 28 20 1 14 38 36 26 15 1 
10 19 1 7 26 26 30 8 18 14 0 11 2 24 26 14 31 34 12 11 6 
1 32 24 
13 2 16 41 13 1 5 7 32 36 28 20 37 20 28 31 28 7 27 7 23 23 34 20 39 0 31 
3 21 37 15 31 0 10 
18 11 41 23 31 41 21 14 29 36 38 38 28 36 34 26 12 2 14 24 28 22 10 21 16 23 1 31 30 26 22 24 30 5 13 14 21 
10 11 4 41 12 9 6 16 42 20 26 37 29 14 28 27 35 35 17 23 38 
1 8 23 
14 20 22 41 25 15 25 5 6 23 28 29 30 35 16 19 3 15 10 7 20 0 41 32 35 8 34 24 14 
6 19 10 21 12 26 16 7 5 16 10 32 18 
6 23 15 24 10 12 10 15 26 6 30 35 13 
16 34 17 40 35 39 25 29 13 33 37 4 29 19 29 11 37 34 14 3 28 1 10 3 20 9 21 6 10 20 0 25 4 
9 32 14 9 5 30 10 1 28 37 17 23 30 20 30 2 30 23 20 
11 40 42 7 28 30 17 33 34 37 16 14 20 15 42 9 2 23 29 32 21 19 21 
15 9 0 8 37 9 13 7 18 36 41 19 0 5 38 19 41 19 31 15 39 11 18 1 4 33 41 19 35 26 37 
13 3 35 27 1 39 31 40 12 38 10 36 13 0 38 8 29 37 42 9 4 21 30 36 20 8 28 
11 5 39 27 6 18 2 23 0 31 10 12 16 11 19 32 11 36 19 34 35 11 15 
2 23 5 33 26 
14 7 34 25 30 7 16 8 10 23 10 34 42 17 28 33 12 0 35 8 25 36 16 8 21 26 6 1 25 
2 18 35 41 35 
11 4 28 20 41 5 10 14 17 15 30 31 4 27 26 29 42 24 6 19 16 5 12 
15 37 25 9 26 35 22 36 0 33 35 24 27 14 41 23 39 0 26 20 4 27 41 8 36 1 39 32 26 33 40 
7 33 27 36 1 34 10 19 14 33 17 36 10 21 17 
12 37 4 41 31 35 10 30 13 11 1 11 0 10 28 32 31 7 38 41 30 22 16 22 42 
9 36 18 37 30 23 4 5 21 34 5 24 37 22 4 38 31 1 30 
7 5 42 7 6 0 39 9 33 36 4 27 22 3 42 
4 2 13 15 29 18 30 33 42 
13 4 13 5 28 40 2 18 5 9 24 6 25 32 42 24 1 23 42 25 10 19 12 2 42 35 37 
9 36 23 40 25 9 20 9 22 38 17 26 38 33 15 6 29 9 30 
9 40 0 27 16 40 17 23 12 8 22 35 6 27 5 33 19 15 22 
10 24 19 20 31 0 29 9 12 27 10 34 39 9 32 36 3 26 28 33 21 
5 6 17 26 21 7 39 31 29 21 28 
11 39 42 20 25 36 21 18 3 32 29 18 34 8 19 9 16 39 12 33 4 25 17 
10 12 29 27 0 39 6 19 42 37 13 7 17 11 5 42 28 2 10 2 31 
9 9 15 5 30 8 1 11 29 40 34 9 28 5 22 2 35 0 37 
13 33 23 2 1 27 2 32 2 40 37 19 39 8 20 36 5 11 14 21 4 7 35 0 17 24 22 
7 41 29 24 15 24 29 29 17 26 35 15 37 26 25 
10 35 4 5 35 11 38 9 14 23 19 24 13 9 39 36 12 35 42 41 6 
5 1 17 27 39 3 17 15 17 0 5 
13 8 14 26 4 2 39 22 17 14 22 8 39 8 2 25 13 23 25 2 28 5 41 33 30 15 6 
15 11 26 9 8 8 27 36 6 23 41 14 1 20 16 20 6 14 26 3 31 16 13 11 40 24 23 18 13 32 36 
3 27 19 32 12 39 29 
8 2 4 22 25 3 5 39 10 39 22 11 3 18 41 33 6 
15 21 6 34 2 35 12 6 28 20 42 38 35 3 29 36 42 33 13 31 13 5 16 14 13 9 42 15 5 12 22 
13 29 10 0 13 1 31 18 27 2 21 25 42 1 38 33 16 3 26 35 31 20 13 27 3 24 39 
15 19 6 9 31 7 41 12 28 40 26 26 31 0 28 16 30 3 1 18 20 27 4 33 24 20 17 31 16 39 37 
20 32 13 36 29 4 10 24 12 7 29 34 28 40 5 38 21 35 21 32 33 18 22 16 25 17 13 31 25 40 4 32 5 22 28 18 39 38 4 3 4 
3 2 6 34 15 18 12 
8 9 38 33 3 11 34 8 42 41 28 7 22 32 16 15 21 
5 12 25 38 39 12 4 14 35 27 13 
17 23 27 34 30 32 34 2 12 40 19 37 28 18 0 30 28 11 31 15 0 33 20 12 42 19 26 40 14 11 16 27 14 9 18 
18 19 28 3 16 18 26 12 13 7 37 8 16 19 15 11 22 35 28 24 20 20 35 9 40 40 1 26 42 31 6 23 13 19 30 6 4 
19 3 6 19 20 26 13 26 17 22 29 15 28 8 40 0 16 36 15 38 25 20 15 14 16 2 41 34 0 7 24 42 10 2 20 34 20 31 22 
3 7 25 41 4 39 28 
9 33 25 18 16 2 38 27 17 25 29 2 26 35 39 9 29 36 2 
19 24 5 41 10 32 20 3 37 7 21 35 30 18 17 20 5 42 17 11 21 24 21 3 15 41 37 39 4 21 29 34 4 7 19 3 10 27 34 
9 36 40 3 12 38 41 14 4 32 39 7 0 0 1 7 15 15 38 
12 8 13 16 28 39 30 25 28 24 42 7 30 18 42 40 41 18 24 5 29 18 23 19 38 
3 16 17 31 37 32 40 
10 40 39 36 14 38 12 41 16 8 12 38 42 39 13 18 19 11 33 3 22 
13 24 0 11 35 7 4 2 0 23 22 27 31 5 37 16 4 15 13 7 42 7 13 17 10 8 24 
13 24 3 33 38 20 21 40 20 19 5 9 25 29 28 4 17 9 19 38 29 38 16 7 12 26 41 
14 0 30 6 42 0 6 23 16 27 40 39 17 27 28 38 22 33 5 1 37 15 35 33 1 8 38 2 25 
15 2 37 24 35 21 10 8 6 6 16 15 16 10 13 6 13 33 2 11 12 15 12 40 10 11 39 2 15 2 5 
14 8 3 5 4 34 29 39 21 20 29 14 25 5 31 38 30 32 4 40 22 11 25 34 6 27 15 8 35 
14 9 10 32 38 32 28 32 27 0 25 23 14 40 3 11 17 7 9 38 37 27 20 12 37 24 40 34 13 
19 11 20 6 22 5 17 41 42 27 12 37 22 34 22 3 41 3 34 8 41 39 16 12 6 8 0 1 6 33 14 2 17 16 29 20 12 22 13 
13 34 1 40 16 20 38 1 12 33 28 3 14 18 25 7 11 9 34 14 10 1 35 4 42 41 22 
3 18 10 11 23 40 21 
3 18 15 7 40 8 30 
17 32 15 7 10 18 14 1 21 8 17 38 13 14 15 40 31 3 25 8 5 9 17 19 22 32 37 0 4 22 30 14 30 32 19 
4 19 2 14 12 40 13 7 33 
92 68
17 80 67 37 67 47 71 63 70 36 67 34 30 46 76 79 59 7 61 82 3 38 6 64 19 90 26 52 64 28 15 85 41 59 1 
20 47 17 10 40 35 24 63 26 60 54 70 84 25 64 36 41 90 50 22 91 46 15 57 33 77 34 28 61 39 13 78 84 47 19 85 73 82 40 91 84 
8 27 20 74 64 7 26 72 80 14 18 27 56 47 80 60 65 
18 76 42 17 3 22 41 46 10 66 41 4 24 8 68 63 21 46 5 31 88 52 67 37 44 10 1 24 29 57 23 75 33 14 37 55 42 
7 79 55 78 52 51 6 78 29 45 40 85 89 47 55 
7 9 42 82 6 66 20 52 4 26 84 18 1 60 56 
5 90 52 78 75 22 19 60 1 60 83 
19 61 89 28 23 51 66 86 20 91 29 62 6 91 83 83 58 54 82 27 7 90 64 53 1 55 54 43 35 14 26 30 6 69 6 28 73 17 4 
7 47 26 72 0 32 61 59 40 52 82 65 81 8 56 
3 36 19 31 43 65 84 
14 12 61 54 58 32 58 77 49 91 23 12 34 35 76 9 35 38 80 76 44 50 11 18 40 22 55 64 73 
20 25 14 66 9 87 4 78 33 36 71 19 0 45 1 46 66 62 83 74 80 85 10 25 52 55 56 63 73 88 5 19 56 2 84 25 61 47 56 17 19 
14 78 5 35 70 51 74 72 7 11 44 8 29 19 41 28 67 66 91 39 28 65 71 8 11 50 5 76 5 
19 39 33 65 4 79 86 78 35 53 88 66 1 32 14 32 18 81 11 79 4 12 64 12 37 39 0 75 21 39 72 34 15 2 59 47 12 16 0 
15 63 28 10 65 4 58 50 76 45 65 55 29 31 8 24 80 77 16 28 30 64 18 36 64 57 18 57 65 68 67 
9 88 1 90 48 69 75 83 76 83 42 62 90 7 41 17 9 27 58 
10 61 67 74 26 69 37 31 75 23 75 32 64 76 16 25 77 90 66 78 55 
17 55 20 50 64 57 85 69 12 77 76 77 58 53 54 13 40 47 21 66 59 59 52 32 53 80 6 34 42 3 29 46 18 15 11 
2 46 32 54 84 
3 90 74 28 33 2 80 
11 57 88 39 63 12 43 38 19 27 88 27 65 45 5 55 76 37 16 16 33 36 51 
7 79 10 27 86 47 0 36 48 52 55 17 26 22 24 
6 14 7 77 54 32 52 66 61 50 41 36 30 
13 90 37 51 59 88 20 50 70 27 8 9 7 34 6 67 44 23 71 32 21 77 91 46 40 62 33 
20 69 41 17 70 66 57 36 84 27 23 35 19 66 4 89 80 32 29 63 37 2 15 23 68 37 20 47 68 28 18 86 49 51 53 39 35 30 40 63 75 
16 22 7 62 43 39 80 78 23 75 6 53 59 52 19 36 1 16 75 53 55 17 50 9 67 25 70 62 11 77 28 62 76 
10 38 88 45 22 50 54 17 0 51 76 53 91 47 14 32 4 17 91 9 55 
6 76 80 25 43 49 68 65 42 64 3 89 3 
15 17 6 8 67 8 61 87 51 88 42 36 85 7 42 31 39 58 19 38 12 66 88 43 75 2 76 46 34 39 15 
1 63 38 
6 66 23 79 71 76 11 34 18 49 15 2 85 
4 16 5 86 18 51 29 46 74 
20 82 75 54 73 70 40 33 44 22 84 81 44 39 47 83 35 7 68 89 73 32 69 74 38 69 21 63 41 52 50 51 52 50 75 31 14 74 6 52 42 
5 62 38 16 73 35 44 15 40 83 13 
1 32 0 
18 72 86 73 40 25 33 35 21 34 40 87 33 29 5 36 73 70 0 62 81 69 85 65 8 34 8 69 26 36 28 50 26 83 24 83 26 
3 61 40 73 56 88 13 
17 53 86 86 42 36 18 74 61 77 43 5 11 34 81 72 51 66 38 61 11 66 54 28 34 66 44 54 44 88 19 79 75 83 16 
16 55 33 69 58 26 73 64 8 24 26 32 59 30 8 27 78 46 13 46 38 39 74 51 61 45 66 48 34 62 7 66 78 
10 77 41 62 61 35 80 50 58 90 21 19 44 76 84 22 68 85 4 53 67 
20 57 6 91 24 2 91 50 42 69 79 69 4 54 42 61 41 29 11 60 73 78 44 27 34 73 80 71 33 55 73 70 3 78 54 50 61 28 6 30 88 
1 89 68 
1 17 62 
13 74 35 91 13 20 58 51 14 35 1 72 12 31 85 27 71 39 23 61 5 22 65 54 19 74 5 
20 63 56 72 29 23 35 64 41 59 82 45 53 20 21 86 12 9 84 9 6 2 6 32 30 5 67 86 16 36 55 78 4 83 1 62 13 78 86 69 61 
16 51 16 61 76 43 7 38 21 58 76 53 41 64 13 60 55 2 13 20 33 86 84 63 19 7 58 69 57 91 4 64 21 
13 85 16 70 21 78 3 7 82 63 61 2 65 36 52 83 68 87 3 17 61 74 70 63 86 90 41 
9 88 7 35 29 20 82 51 89 9 85 37 56 25 73 5 21 72 35 
4 23 61 46 43 14 50 53 89 
15 59 89 45 4 14 56 34 7 83 34 88 3 37 75 60 16 52 58 18 73 86 14 72 50 36 8 57 91 87 21 
3 26 44 72 40 53 3 
6 69 0 34 13 91 1 58 68 76 81 90 34 
13 77 67 88 54 57 40 53 24 43 8 48 18 52 37 2 50 25 68 2 33 62 37 64 40 2 58 
8 38 26 57 55 89 40 14 24 14 21 51 70 7 80 62 8 
18 58 33 25 56 69 63 69 68 20 5 1 68 70 18 88 37 51 18 50 24 2 79 65 76 66 11 52 23 90 53 28 71 47 75 22 15 
4 86 50 87 47 62 88 60 48 
3 48 15 36 56 52 83 
19 63 16 32 84 79 12 47 9 38 43 59 15 12 91 28 14 34 35 70 58 45 78 8 81 81 33 60 67 63 91 58 80 79 54 39 11 72 42 
1 38 76 
10 74 0 70 75 51 38 45 88 57 42 31 3 34 73 58 0 69 11 43 64 
20 83 41 51 58 28 75 47 90 57 19 39 52 47 91 72 32 22 18 17 23 59 26 18 6 46 50 79 70 89 11 36 57 80 21 46 56 69 49 25 21 
19 53 78 27 74 86 48 86 64 32 41 68 73 10 82 4 71 91 11 27 75 66 52 17 51 62 3 15 80 45 23 30 71 28 83 90 54 47 49 
13 2 71 76 41 78 88 65 80 2 41 55 4 77 64 85 58 87 18 87 7 10 68 88 40 36 38 
11 63 10 47 8 27 24 1 80 90 19 85 15 7 56 69 89 48 24 30 19 77 1 
15 28 44 59 75 60 91 10 89 59 55 86 91 18 89 32 11 90 82 13 84 23 0 45 52 18 67 17 86 54 5 
13 91 76 1 16 24 8 65 18 7 1 38 14 1 76 32 25 31 79 47 54 2 78 4 15 7 21 
9 52 81 49 55 51 48 64 4 51 73 27 66 63 0 34 4 69 74 
17 62 80 74 33 51 50 77 11 69 83 72 71 28 43 53 73 70 56 45 16 85 42 62 19 10 7 87 66 26 67 38 44 12 85 
62 26
15 3 34 35 16 49 54 33 54 34 3 25 45 44 17 37 32 41 2 13 38 37 36 35 39 50 19 36 46 40 24 
7 29 29 25 5 38 45 22 4 7 56 1 25 5 18 
1 53 3 
7 1 11 50 60 16 1 59 11 54 36 6 18 21 11 
18 3 39 39 39 2 35 48 2 7 61 37 20 20 49 27 11 14 18 14 48 55 39 52 18 29 23 1 44 0 7 22 7 53 50 30 7 
9 18 46 30 11 11 57 52 28 61 16 19 15 6 47 39 22 23 37 
17 10 59 45 5 12 16 31 36 51 21 44 30 58 59 3 44 57 25 6 56 19 24 57 16 48 15 36 54 5 10 5 40 44 41 
2 10 35 56 56 
9 43 2 8 23 34 44 53 46 43 44 5 12 17 48 16 39 27 34 
1 34 60 
3 13 10 6 39 18 37 
16 50 15 8 13 28 19 52 4 40 40 9 14 36 47 46 37 18 51 16 54 53 0 27 52 21 28 45 8 40 29 55 52 
12 25 47 40 19 43 23 13 39 61 3 35 2 59 16 53 16 9 3 2 53 45 60 34 22 
15 13 53 13 55 12 41 56 42 26 19 29 51 2 30 53 5 41 50 57 3 44 57 46 15 16 45 39 58 16 16 
9 2 51 2 14 34 25 37 59 9 45 0 53 57 49 34 45 36 23 
7 38 31 48 11 42 39 48 60 31 42 52 42 48 36 
3 35 40 50 12 30 9 
6 10 41 40 10 37 40 0 51 29 36 31 16 
19 11 1 7 47 3 23 53 36 40 6 22 38 35 9 16 24 5 6 7 43 54 49 58 9 29 17 20 0 46 47 37 50 26 20 22 28 32 33 
14 55 36 36 42 24 59 39 24 3 11 23 6 54 4 24 60 7 37 52 58 10 39 52 50 57 19 43 57 
9 54 21 57 52 43 17 52 23 1 45 50 32 21 60 48 52 16 48 
17 18 26 56 7 7 32 6 40 57 57 14 46 5 8 1 36 48 10 41 38 54 12 44 52 8 43 20 11 20 48 21 51 35 61 
7 20 27 61 45 59 6 42 11 36 26 31 21 34 43 
15 19 59 13 30 39 15 47 19 36 7 39 14 46 53 23 39 43 22 18 57 23 20 56 60 25 26 23 4 33 51 
19 26 5 5 5 16 50 38 20 30 12 33 37 3 21 20 20 19 9 31 3 17 11 58 33 28 30 45 46 41 6 26 9 32 15 6 21 29 60 
7 57 40 34 52 33 47 61 40 38 49 6 2 14 49 
6 3
2 4 1 2 1 
9 4 2 4 5 4 3 2 5 2 0 1 3 4 0 0 3 1 0 
1 5 3 
16 1
16 1 10 5 8 15 12 2 10 1 11 15 10 14 15 2 8 0 6 9 5 5 7 4 1 8 3 5 3 11 13 14 13 
51 96
9 32 10 34 7 7 24 6 16 41 43 28 6 17 34 34 1 12 49 
1 23 2 
18 17 39 41 30 6 12 44 42 25 21 39 35 23 40 39 23 26 48 43 5 49 35 5 23 36 26 40 15 12 26 25 13 27 31 15 29 
13 23 0 26 1 26 26 22 47 29 35 41 9 22 41 4 22 4 21 8 0 40 35 24 18 41 31 
8 38 46 4 19 47 32 47 28 35 6 23 3 29 6 39 4 
15 17 40 26 43 36 50 34 24 22 16 47 26 4 5 20 26 37 22 42 3 10 18 46 9 13 5 6 9 3 7 
19 44 4 48 14 9 17 30 1 33 38 34 27 21 21 28 10 47 14 27 20 47 19 4 35 23 15 50 31 0 28 10 3 6 21 17 12 41 16 
18 43 15 46 48 1 38 14 43 1 4 42 28 18 49 25 46 30 47 9 32 26 4 4 1 25 30 18 18 27 13 32 38 37 4 49 25 
20 4 14 12 15 46 45 42 40 42 22 1 35 20 25 4 31 47 25 42 31 7 27 41 37 4 28 37 41 36 36 18 4 32 30 26 50 49 1 47 13 
1 35 7 
3 39 2 17 11 32 5 
16 48 6 26 21 27 19 30 49 5 6 28 31 7 43 47 45 16 3 4 41 15 45 11 23 4 2 39 10 48 43 43 39 
19 47 36 7 23 47 41 42 39 34 2 11 34 44 19 17 46 49 39 39 36 41 27 9 38 11 40 5 26 20 12 33 2 30 6 19 19 44 10 
1 46 11 
19 26 45 16 4 42 34 25 1 41 25 18 2 27 29 6 36 6 22 48 2 21 28 32 6 13 22 37 20 37 19 44 18 7 6 30 22 50 11 
7 38 43 39 39 15 13 25 5 30 37 49 46 21 1 
13 46 16 26 36 34 15 16 0 12 11 16 2 39 1 11 45 28 20 25 23 12 6 45 10 41 29 
13 1 8 40 37 34 13 20 15 38 29 37 28 44 47 18 23 19 48 28 40 9 28 22 25 18 22 
1 48 49 
19 12 13 16 15 36 24 43 19 43 27 37 0 47 21 41 8 1 14 45 19 6 26 14 5 20 44 50 12 43 47 12 44 24 40 8 8 7 31 
4 46 41 3 42 36 35 35 24 
16 3 9 30 34 45 17 16 8 50 40 21 47 20 46 36 43 37 6 29 37 34 19 11 26 20 9 15 3 48 18 43 20 
3 16 33 30 12 48 41 
13 39 46 20 31 13 30 46 29 29 5 17 3 15 0 23 6 36 8 15 49 33 30 13 18 8 28 
8 18 29 10 10 35 39 1 33 23 22 4 48 39 22 49 43 
5 50 5 34 29 10 41 18 5 38 9 
6 40 24 8 10 21 5 16 16 45 30 3 18 
17 14 35 7 46 15 15 16 32 19 7 39 42 26 20 12 39 17 47 21 20 29 14 17 43 6 13 18 8 5 21 24 28 36 34 
13 0 50 0 20 22 17 44 32 41 32 7 10 8 30 5 0 8 45 4 8 42 50 12 22 13 32 
12 35 28 27 23 45 8 28 14 21 34 40 2 20 21 22 18 8 41 8 48 10 23 40 10 
17 49 23 24 38 1 18 16 25 15 6 19 10 5 27 16 21 15 44 37 12 28 35 26 25 21 48 33 39 1 26 46 20 17 28 
13 46 37 3 43 45 1 18 27 17 50 1 40 11 15 32 46 16 28 38 19 34 12 25 16 17 45 
12 35 47 27 39 36 33 13 48 37 26 17 32 1 6 17 20 43 37 47 49 36 11 14 30 
6 45 37 24 22 12 50 27 43 18 15 11 21 
17 18 39 10 19 45 47 18 40 5 48 38 38 13 25 28 28 13 47 13 41 3 5 25 39 33 29 32 29 8 47 33 25 20 17 
11 27 28 3 22 46 30 22 30 5 12 30 5 5 5 50 1 27 35 46 50 24 35 
12 35 10 25 11 32 22 32 26 27 9 20 28 5 10 10 47 10 8 46 22 45 18 18 42 
15 30 30 12 10 45 24 20 39 45 20 22 36 9 48 24 27 9 22 25 22 17 30 12 37 25 6 34 35 45 41 
20 1 2 34 37 23 41 29 41 18 45 26 44 13 20 48 3 50 49 35 32 21 10 33 18 17 9 47 7 26 34 47 2 36 31 43 36 42 21 39 45 
11 6 32 25 48 43 24 32 7 27 25 27 32 9 21 11 49 23 34 30 25 25 44 
8 48 47 23 14 11 13 44 46 29 50 21 14 40 8 25 36 
14 27 2 33 19 8 1 30 7 34 8 34 48 12 32 13 10 41 14 7 3 8 32 44 1 23 32 13 17 
7 34 3 46 7 22 28 50 47 48 29 33 40 6 31 
6 17 27 16 1 11 11 43 40 27 18 23 7 
14 7 16 8 15 5 11 20 34 38 37 22 21 13 29 5 49 16 23 49 0 29 16 34 10 9 7 42 24 
5 25 28 25 18 14 31 27 11 44 44 
12 1 29 50 8 46 4 26 9 23 37 25 14 25 26 49 5 22 31 25 3 20 47 34 38 
18 34 44 30 41 36 44 14 45 46 1 18 6 30 48 26 29 39 43 26 15 8 50 12 42 20 22 25 25 22 9 18 43 36 9 43 31 
10 4 45 28 26 27 5 6 11 30 28 12 48 6 28 4 30 10 22 24 36 
4 42 36 14 22 19 49 34 31 
16 30 8 33 17 3 11 27 27 25 2 47 8 33 44 16 50 34 22 14 37 22 40 30 11 38 8 3 48 27 45 32 28 
5 28 37 18 50 35 11 8 34 30 27 
12 46 28 23 35 37 14 5 30 27 49 16 38 27 7 39 49 32 2 30 17 37 38 37 37 
11 25 29 49 29 15 47 8 31 50 33 6 3 7 5 43 9 22 23 1 50 9 41 
18 17 44 46 34 14 0 35 46 37 10 42 26 40 31 32 23 40 28 43 25 18 16 21 43 4 33 1 45 21 50 34 20 27 40 28 0 
19 43 32 46 40 4 32 17 2 42 41 21 31 41 3 38 16 15 41 15 23 43 45 19 28 27 14 27 50 27 3 39 16 14 48 13 40 18 30 
15 25 12 12 24 34 6 48 30 37 34 15 21 48 19 26 10 40 40 29 29 15 8 11 25 7 44 6 40 35 25 
3 11 39 9 30 28 39 
15 39 29 6 8 9 20 7 4 29 18 38 40 49 47 7 29 13 4 14 29 44 25 10 9 19 38 30 9 18 7 
19 28 7 19 12 34 11 32 50 44 34 29 23 23 42 43 14 17 15 4 0 3 23 6 37 25 17 50 15 41 15 8 25 21 22 28 4 7 45 
14 34 45 38 36 38 4 28 21 43 42 13 16 27 36 36 18 27 12 44 45 49 28 34 39 9 31 13 26 
3 48 8 25 42 37 25 
3 22 4 40 14 48 40 
17 40 7 6 47 41 46 28 43 48 20 8 36 12 4 43 3 41 19 29 46 49 26 21 6 17 1 0 30 7 48 4 49 14 11 
20 14 9 46 19 37 23 9 50 6 41 38 0 12 34 42 44 33 23 26 18 32 3 30 20 13 49 18 33 19 15 23 33 23 27 24 21 23 1 3 38 
19 35 0 19 40 45 32 10 33 1 32 38 3 33 27 18 13 4 27 50 18 25 32 33 5 30 15 9 42 12 29 34 9 48 4 35 42 19 17 
19 41 35 3 2 13 31 4 7 8 12 10 30 9 33 11 41 28 30 44 9 50 0 30 23 19 13 17 17 38 35 0 13 32 14 29 25 37 33 
12 40 44 8 43 3 36 23 39 9 15 29 26 8 22 39 44 20 37 45 27 32 27 42 17 
13 29 38 50 20 36 30 24 42 39 8 29 1 16 39 45 43 18 44 20 14 9 24 6 48 33 9 
19 40 25 41 47 30 45 48 11 19 5 6 44 34 18 24 4 11 44 39 0 47 20 37 9 36 4 38 24 40 3 11 10 33 28 12 35 21 41 
2 49 37 22 10 
12 4 25 6 46 32 48 9 8 22 48 34 23 14 32 14 7 5 13 50 48 17 25 48 38 
12 11 0 6 17 5 4 24 3 43 26 5 39 46 31 41 39 0 41 48 16 22 35 9 47 
8 49 31 7 2 14 42 5 8 17 33 1 13 20 1 26 28 
17 14 41 42 0 16 36 41 42 5 15 23 30 41 6 39 41 40 43 11 38 25 35 21 17 36 2 0 5 41 45 35 17 32 21 
18 36 5 41 4 13 13 16 14 4 42 34 42 6 23 24 33 19 3 4 50 24 7 43 33 15 16 19 26 40 48 28 44 11 29 8 13 
5 41 2 13 15 46 38 36 29 29 8 
1 1 41 
15 15 25 20 38 16 5 43 12 10 27 39 26 44 12 28 19 15 36 12 16 29 10 22 13 19 39 9 35 43 50 
6 34 36 41 38 6 1 7 14 23 38 28 38 
16 23 23 22 6 25 9 18 32 43 29 5 29 18 48 28 1 26 3 12 14 36 21 11 6 39 13 7 7 16 17 10 31 
3 27 48 5 35 40 16 
10 48 28 40 26 17 8 10 21 30 35 4 39 42 37 9 34 42 5 20 8 
7 10 11 37 17 45 40 46 25 30 3 11 43 17 23 
13 27 10 3 20 39 3 50 10 16 46 15 34 28 34 36 37 37 16 50 17 40 29 20 36 16 31 
7 38 1 23 16 50 29 0 40 33 37 22 3 13 7 
18 45 49 33 43 23 47 41 10 21 46 12 7 6 4 21 49 35 18 35 3 7 19 14 23 42 16 35 2 21 27 50 34 21 11 5 31 
19 8 39 46 42 25 34 24 14 22 1 48 7 13 33 0 2 20 27 5 43 36 20 34 46 36 45 32 8 28 23 1 31 0 4 7 28 15 1 
2 40 22 48 23 
4 32 31 16 13 14 50 3 19 
9 15 10 10 13 17 41 41 33 42 1 9 9 49 13 43 38 45 3 
7 30 44 35 4 40 49 5 41 45 34 47 31 24 29 
7 10 7 35 1 50 38 29 3 43 46 27 21 1 46 
11 50 50 14 28 22 22 35 14 1 15 38 10 9 18 40 0 17 16 7 38 3 25 
16 0 26 16 18 48 34 8 14 38 12 50 24 33 33 16 47 40 33 50 42 25 19 41 5 19 9 35 9 17 36 10 6 
17 44 13 26 30 23 26 44 3 17 14 40 34 39 38 45 0 42 15 33 42 22 43 3 33 35 29 4 17 41 20 0 12 10 5 
15 2
16 11 12 13 2 8 6 14 2 12 10 1 14 7 6 8 2 8 14 11 0 1 8 9 14 1 11 10 14 7 14 12 3 
7 1 4 5 10 9 6 9 7 13 10 8 3 0 10 
98 236
16 35 88 74 84 67 66 42 27 22 59 2 27 93 38 33 35 44 85 58 29 36 28 39 78 25 65 88 59 86 56 66 71 
3 91 16 36 49 73 91 
18 60 16 15 45 74 89 22 47 72 43 36 2 66 89 12 8 37 58 4 9 33 46 57 80 28 45 85 71 93 91 48 87 72 13 65 28 
14 92 8 82 32 75 65 91 86 72 60 80 96 66 32 33 39 91 65 68 90 15 24 31 50 53 41 12 74 
13 83 85 45 60 70 61 57 45 0 56 59 52 14 79 88 18 35 26 74 40 82 55 20 16 56 96 
5 60 76 15 29 95 27 49 56 25 76 
2 64 45 51 47 
5 29 16 78 43 26 27 72 5 95 56 
12 53 61 83 4 51 33 24 96 57 19 8 27 83 32 4 38 42 71 7 3 80 50 83 90 
20 63 89 12 78 71 39 37 39 22 61 51 0 37 53 36 91 0 16 13 43 84 79 88 58 67 79 65 5 90 32 66 60 69 70 10 1 69 74 42 22 
8 47 40 73 97 15 60 38 87 13 5 20 31 55 8 80 24 
11 9 39 49 32 72 2 10 92 41 96 53 28 88 6 56 26 83 36 24 47 64 78 
12 25 72 69 85 63 87 68 56 59 16 26 43 78 87 59 18 49 43 71 52 12 52 12 70 
11 1 71 21 78 75 31 36 13 70 50 58 30 54 24 48 14 5 27 19 0 24 91 
7 95 16 45 49 24 59 59 50 29 41 51 13 92 74 
17 73 23 2 50 66 16 73 37 72 64 14 40 33 1 17 45 66 50 32 3 51 28 94 41 58 89 51 84 57 74 13 46 8 18 
11 55 18 7 6 92 87 37 82 11 69 97 96 7 29 20 53 37 91 34 5 73 15 
1 17 21 
3 31 40 55 16 44 19 
4 17 32 86 52 61 26 82 6 
17 33 12 57 30 74 85 66 19 22 14 0 43 67 26 48 71 15 69 35 60 1 89 67 68 80 89 72 8 48 85 0 23 7 72 
13 53 50 83 51 48 46 77 31 69 56 48 3 86 87 44 49 21 39 52 89 44 6 49 50 97 26 
17 15 39 34 24 81 21 60 96 85 70 12 55 88 30 35 89 74 17 10 77 34 17 85 97 32 96 84 32 77 21 68 3 11 0 
19 62 87 7 48 83 38 33 22 80 54 52 27 11 68 93 29 58 61 38 90 51 58 64 87 19 27 33 53 9 90 14 32 89 5 62 91 51 79 
19 13 23 10 88 83 82 2 49 51 91 37 30 33 23 63 0 45 89 80 52 93 28 20 39 29 21 53 45 3 87 84 56 55 40 52 18 94 76 
18 72 78 78 50 88 22 45 50 17 43 30 84 85 31 65 95 2 95 74 95 33 90 64 23 24 61 29 12 11 64 74 55 16 40 19 26 
2 19 3 34 35 
10 2 63 57 60 83 67 36 15 35 79 7 91 57 0 85 49 10 94 6 17 
14 35 58 42 30 93 76 34 59 12 26 57 59 20 48 25 75 73 18 57 50 42 77 79 60 65 50 4 67 
16 13 56 11 58 59 70 50 61 33 80 82 63 57 70 48 81 23 43 36 88 9 84 81 32 35 55 74 63 80 85 88 97 
10 61 76 83 29 91 70 75 1 36 86 80 66 73 43 12 17 25 58 65 55 
10 34 14 68 28 39 16 81 76 86 28 65 90 23 87 17 52 7 46 9 2 
19 59 63 71 38 82 5 33 36 59 49 54 9 81 79 90 16 85 6 72 3 13 8 71 84 82 96 22 43 14 74 77 32 14 16 33 54 37 16 
8 34 96 51 49 93 37 29 79 60 8 24 18 72 84 12 19 
15 73 47 38 97 16 87 38 26 55 87 88 43 21 26 72 31 15 56 73 28 84 61 82 21 33 56 39 87 88 81 
3 20 46 50 56 10 12 
12 51 38 62 77 17 0 68 70 49 5 47 66 84 63 83 31 65 38 86 76 59 71 10 11 
17 72 46 36 96 10 31 12 50 64 95 34 44 51 89 48 60 91 6 28 46 96 61 9 17 14 78 2 21 3 26 57 79 10 73 
7 58 41 73 96 7 86 30 60 62 43 91 18 17 31 
15 6 97 20 65 15 66 28 70 37 63 82 85 50 3 67 31 11 38 69 87 69 81 62 2 64 46 94 5 67 76 
16 10 78 17 2 31 60 91 77 15 18 83 12 12 81 47 81 44 20 24 95 44 60 83 59 72 45 10 74 74 5 68 2 
15 10 16 44 9 34 89 44 78 71 0 57 41 41 3 1 61 97 50 12 43 47 77 73 71 67 40 47 21 93 74 
5 63 96 11 3 58 47 81 3 21 76 
20 33 2 7 9 75 3 54 82 30 38 82 60 46 87 28 39 80 91 12 0 80 48 97 43 38 2 31 79 42 37 79 76 42 24 57 69 72 61 30 41 
17 25 61 44 50 68 5 30 50 51 1 23 61 38 43 10 46 6 13 23 3 17 76 58 18 65 89 38 23 91 60 82 52 73 48 
4 55 19 51 92 63 23 25 87 
8 95 0 33 58 66 46 67 8 20 78 83 41 93 77 30 96 
19 73 94 47 17 6 26 7 77 93 32 21 16 88 64 78 61 71 28 68 77 30 87 80 86 13 26 9 6 48 38 44 71 3 43 29 63 11 88 
4 90 56 64 43 12 1 29 49 
11 35 28 70 60 41 76 7 2 66 28 3 18 57 48 37 49 45 40 93 24 74 78 
2 1 78 93 88 
12 35 61 33 87 71 17 17 26 92 13 42 38 56 27 59 68 34 78 73 85 81 8 75 6 
3 92 65 4 68 36 30 
11 89 43 36 92 17 46 93 4 51 81 75 76 45 13 42 31 95 49 94 35 11 82 
2 42 35 7 87 
13 7 66 15 52 32 23 75 37 30 49 73 7 33 68 48 64 77 16 93 3 62 14 70 32 64 13 
8 84 76 53 13 89 13 72 95 68 63 86 26 44 0 80 0 
3 23 5 71 21 73 63 
15 55 96 30 43 82 27 82 26 83 9 2 70 93 55 17 41 24 55 57 82 49 60 69 76 68 96 51 30 45 0 
14 20 26 54 76 34 63 44 82 37 0 1 52 54 38 10 36 66 84 57 15 71 19 15 81 36 3 48 79 
10 4 12 33 85 94 46 97 13 37 3 37 97 65 18 42 83 93 36 78 26 
4 37 9 15 48 29 22 25 20 
3 58 59 13 32 23 56 
20 70 40 42 70 2 87 80 72 64 3 75 9 78 46 86 82 83 7 57 38 47 56 54 13 1 40 34 91 75 97 45 18 25 7 37 87 15 65 48 70 
3 90 2 11 70 34 38 
17 54 32 48 56 3 8 45 61 47 52 29 77 39 23 18 16 25 33 40 87 86 70 72 19 66 3 32 43 66 63 17 40 90 39 
3 90 95 64 27 48 50 
14 29 74 59 17 92 27 33 81 62 34 84 60 81 55 93 45 7 35 23 8 4 87 1 41 62 56 65 40 
13 48 84 42 32 89 23 12 46 14 90 62 36 58 46 59 45 44 53 27 87 25 26 93 73 54 21 
1 90 0 
20 38 78 64 63 62 6 3 96 52 61 21 49 1 50 84 8 38 49 37 40 95 40 62 60 51 36 22 41 69 14 7 84 10 59 82 39 12 64 14 41 
1 70 26 
15 48 53 30 71 59 27 9 72 37 86 57 53 77 81 51 7 82 71 94 88 70 49 59 41 32 18 35 95 51 5 
17 58 90 1 23 57 83 57 22 10 33 62 0 34 74 1 65 41 61 93 62 21 96 47 82 31 52 57 32 62 1 92 38 73 79 
12 88 27 64 56 75 41 14 2 82 66 62 71 65 70 24 38 68 19 20 6 54 86 22 21 
4 93 87 10 76 29 53 21 0 
20 13 16 74 3 4 32 82 53 42 17 66 27 29 43 65 85 38 95 11 2 34 79 71 43 34 19 84 50 81 6 35 46 38 27 11 49 67 74 11 59 
19 97 16 20 23 41 40 17 8 3 27 9 24 93 18 54 60 14 64 18 61 81 84 17 53 77 28 72 6 77 2 57 35 69 71 64 39 72 87 
2 32 16 75 52 
15 1 84 48 32 35 48 41 78 92 6 32 27 6 39 84 23 1 0 73 46 52 40 39 26 64 41 70 19 51 62 
9 47 16 62 45 83 15 41 87 55 89 36 21 9 85 65 39 25 29 
16 69 18 57 16 33 11 92 29 31 39 80 45 35 77 36 66 69 29 36 20 20 19 37 31 82 97 65 46 71 23 94 32 
6 18 43 33 24 69 40 48 91 54 95 1 17 
4 81 19 44 77 4 74 37 47 
6 94 65 71 6 35 69 80 70 2 45 91 53 
7 35 56 69 0 68 21 80 84 29 81 12 2 80 15 
8 62 4 64 16 85 46 38 84 41 2 34 71 66 52 91 13 
5 51 72 88 16 6 19 55 5 33 74 
1 1 76 
2 96 27 45 16 
18 62 22 83 3 68 13 59 19 95 79 14 63 25 74 44 16 93 48 73 54 54 45 92 0 52 78 35 84 94 26 37 48 54 71 21 13 
2 54 16 12 3 
18 55 0 33 63 80 31 44 88 71 31 39 5 54 66 1 95 29 89 28 60 72 32 58 85 53 95 41 79 22 74 66 56 75 59 11 52 
12 9 22 83 78 86 5 36 35 63 56 51 45 35 18 35 8 63 40 21 43 11 54 59 39 
2 14 23 83 87 
20 37 32 58 5 93 59 74 52 18 96 6 46 42 97 64 0 12 16 45 56 92 23 19 46 30 39 62 26 69 63 45 43 38 79 11 39 68 55 42 82 
1 57 46 
4 63 3 67 12 90 23 24 85 
6 59 2 28 43 49 23 18 87 28 16 1 21 
5 57 81 94 19 34 43 42 87 83 1 
4 24 87 7 32 11 63 59 14 
17 34 76 19 39 28 61 59 6 81 97 12 13 22 87 72 40 68 23 77 65 94 45 84 18 32 79 81 17 50 18 17 63 48 90 
17 82 16 24 13 4 50 48 77 6 50 77 87 17 19 75 90 15 89 11 86 65 27 68 45 57 12 70 39 22 77 44 97 54 65 
11 77 38 25 9 74 53 15 6 54 61 64 76 30 70 20 76 67 65 35 1 47 43 
13 37 92 73 75 4 30 69 95 82 19 72 27 51 44 81 89 95 5 37 77 70 0 73 52 83 53 
8 33 52 6 21 59 86 0 79 62 92 82 18 10 20 69 55 
6 7 79 66 65 69 39 47 59 4 60 51 23 
4 85 95 20 86 86 23 74 56 
7 6 84 15 76 58 63 57 72 68 6 80 22 81 0 
19 46 27 20 95 11 92 41 18 86 84 28 40 36 9 89 3 83 46 4 21 47 5 7 15 82 70 73 62 65 6 90 63 93 7 45 46 28 8 
18 21 32 4 70 75 96 31 43 54 43 9 70 90 53 8 56 0 40 94 64 59 3 77 70 62 97 49 16 25 28 14 77 30 79 20 47 
7 17 13 41 19 10 68 45 19 77 95 10 5 44 21 
14 73 26 22 30 91 12 83 60 60 5 0 39 28 55 29 86 70 76 29 0 48 96 2 52 91 79 36 89 
3 22 27 22 89 94 2 
2 14 31 22 0 
11 62 74 14 28 92 77 30 91 22 2 81 50 69 92 42 34 54 14 42 3 6 95 
1 77 56 
2 52 95 24 68 
8 88 41 22 78 68 66 29 40 50 16 65 32 89 50 77 72 
13 32 61 24 26 29 45 92 64 79 61 24 43 82 31 94 0 65 43 77 39 78 27 93 95 81 56 
3 12 53 91 55 35 20 
17 85 87 10 28 35 64 21 27 73 65 13 3 73 38 69 77 41 39 2 39 30 23 8 43 97 27 10 43 66 21 48 21 49 18 
15 8 76 72 56 85 52 57 33 50 40 83 0 48 19 73 4 80 19 85 16 83 24 20 13 36 23 44 74 20 60 
12 51 3 74 26 10 96 82 17 54 91 66 79 51 67 92 53 1 5 28 87 22 64 75 11 
9 86 78 74 31 58 24 63 79 72 90 6 60 68 85 68 74 90 60 
16 20 56 92 14 59 0 35 59 85 60 70 78 11 45 13 87 44 91 10 95 34 82 8 26 14 85 54 53 25 43 30 53 
4 94 13 69 90 82 90 7 76 
1 2 5 
11 48 17 55 70 92 59 95 50 73 69 11 65 82 89 51 54 94 62 94 74 29 72 
1 48 86 
5 45 23 45 96 65 96 69 78 77 71 
14 41 52 32 87 75 78 95 96 19 49 9 55 1 39 10 61 25 45 19 18 11 90 57 68 58 49 0 32 
17 1 96 70 96 65 21 12 45 72 23 7 38 90 61 8 87 12 40 65 19 34 54 10 79 60 43 80 11 92 48 22 12 25 21 
2 82 74 72 96 
16 35 63 46 56 82 81 10 49 36 78 46 61 84 90 92 81 91 66 4 15 25 57 75 24 95 26 15 67 7 0 20 59 
10 6 49 94 63 51 32 35 85 13 50 15 79 10 37 92 1 83 64 15 21 
1 69 45 
1 12 71 
13 2 56 62 46 29 59 34 90 68 84 7 14 12 97 64 32 54 70 72 52 5 40 4 85 89 56 
7 74 43 62 80 64 26 79 96 6 76 88 3 11 95 
20 69 47 9 67 53 26 24 52 10 6 14 97 71 79 34 92 11 17 15 23 23 27 82 1 14 19 41 56 68 1 8 61 77 50 67 61 66 53 42 94 
3 68 50 70 21 7 37 
6 33 97 30 3 54 88 91 71 30 85 34 66 
5 65 26 45 78 22 79 38 5 28 18 
5 7 28 31 21 14 61 86 3 7 60 
19 66 72 15 58 86 16 39 46 81 5 88 17 57 64 75 8 1 45 35 27 1 26 88 52 94 72 92 12 75 15 7 47 70 43 67 92 7 52 
16 24 22 75 23 91 2 75 82 94 33 4 88 25 96 24 32 51 61 42 88 13 79 14 26 48 61 95 76 12 6 15 5 
18 33 78 36 61 14 18 93 84 47 65 62 88 84 97 58 28 14 52 88 55 33 69 37 85 93 41 57 39 31 16 80 58 65 76 10 29 
20 70 79 69 61 42 75 14 0 57 36 77 5 38 3 55 26 62 84 72 53 95 70 79 27 91 56 69 65 23 96 64 2 2 23 54 6 4 53 93 19 
15 11 81 17 16 0 50 33 13 81 78 44 72 20 8 11 9 30 12 7 20 4 59 14 89 14 43 37 14 92 85 
10 93 5 51 22 10 40 38 60 30 46 93 79 39 49 69 96 25 93 8 16 
15 41 31 81 41 94 7 54 0 37 52 15 11 1 81 88 87 64 90 73 81 11 44 79 43 37 43 3 60 33 21 
11 73 14 82 87 54 84 49 8 77 46 75 34 63 55 64 31 69 31 64 97 34 81 
4 85 55 9 48 97 23 10 47 
6 12 61 66 95 49 26 47 71 80 68 1 74 
19 15 49 49 79 39 27 86 65 1 32 93 44 73 19 97 0 3 61 69 59 37 38 62 50 68 46 4 27 37 81 38 53 94 78 54 28 90 55 
11 68 8 77 40 44 47 89 96 90 50 61 16 62 3 58 21 5 26 10 19 73 60 
1 61 27 
11 12 77 22 17 47 14 9 97 14 56 4 31 3 56 11 40 88 61 80 28 42 79 
1 48 49 
1 15 38 
16 42 1 96 16 9 0 59 38 54 67 14 39 88 23 70 8 25 11 58 66 94 4 94 28 62 15 20 50 62 9 7 95 
7 82 56 45 8 83 65 30 66 21 46 16 43 75 27 
18 86 50 10 8 4 90 17 50 10 30 34 48 7 81 7 27 80 87 93 14 58 1 7 88 83 21 3 5 25 78 36 56 93 81 10 4 
9 85 81 29 5 65 53 15 28 30 0 71 95 42 86 90 89 86 60 
2 68 95 11 71 
19 59 96 45 27 51 41 17 97 42 62 74 76 80 26 86 89 62 18 44 89 83 22 88 26 15 90 22 16 47 6 9 82 84 53 34 2 88 68 
9 51 35 83 97 82 41 81 39 42 47 93 12 72 71 42 69 25 38 
15 41 8 13 61 50 96 85 50 69 6 84 70 88 74 42 20 85 2 42 59 78 79 37 88 15 32 63 60 51 64 
11 57 28 36 79 46 23 31 95 17 23 4 82 85 38 88 63 4 81 77 97 47 87 
8 83 75 44 1 65 72 36 5 72 89 93 65 82 50 54 72 
14 62 23 67 46 59 55 54 69 48 55 11 41 39 56 88 31 52 32 73 44 58 76 11 50 67 1 52 45 
13 75 17 44 48 85 56 38 52 72 55 36 69 90 43 30 56 80 37 92 72 88 48 7 13 86 61 
5 75 14 86 64 77 74 74 41 55 61 
10 77 19 36 70 20 28 15 88 28 49 74 50 37 29 67 96 70 13 70 56 
10 56 87 47 84 86 21 85 63 66 6 44 67 28 21 73 77 1 56 78 40 
3 10 56 83 92 56 76 
17 35 41 92 41 6 78 90 97 51 77 35 12 25 63 31 26 20 55 35 45 22 5 68 40 90 96 10 66 70 18 64 53 42 41 
19 53 5 90 28 92 17 6 8 85 78 94 96 80 53 83 5 81 64 20 27 65 0 66 2 72 0 65 49 52 23 43 27 80 77 71 27 73 53 
3 71 45 93 58 21 3 
11 24 67 25 60 86 8 33 38 97 61 11 32 9 52 10 55 41 95 66 39 65 8 
20 30 97 37 78 33 55 77 60 82 79 44 84 84 26 3 16 30 26 51 63 81 46 92 84 10 64 93 67 94 90 64 70 53 31 69 13 62 75 93 40 
17 51 80 88 13 85 23 30 59 34 60 36 82 94 70 80 76 53 46 67 29 94 80 53 60 72 49 24 72 30 8 42 66 51 74 
2 37 69 71 61 
4 7 59 9 56 94 38 6 64 
14 44 12 54 47 28 63 7 64 74 32 64 18 55 60 92 86 48 16 30 1 12 56 37 12 54 17 86 1 
12 24 12 36 24 35 29 97 79 78 49 77 8 14 65 91 52 88 12 25 84 75 74 9 19 
6 74 2 93 60 92 26 63 52 12 96 74 70 
15 15 64 4 75 35 70 65 17 28 5 54 74 14 53 15 3 1 87 62 65 35 17 75 55 73 86 82 95 13 27 
3 84 3 7 61 57 27 
7 0 8 35 23 45 3 44 46 93 13 32 26 90 13 
7 93 11 37 8 44 87 91 1 12 60 3 40 63 76 
10 86 41 24 92 7 97 12 79 9 86 65 84 84 55 4 23 5 61 91 78 
13 16 27 80 17 72 28 71 13 90 19 78 76 69 28 58 40 86 38 93 50 69 97 52 79 30 13 
4 4 0 95 13 44 86 58 32 
18 15 20 11 77 19 87 49 27 92 30 88 84 20 85 45 26 36 72 67 90 21 61 82 0 80 81 2 76 6 32 54 58 38 61 92 18 
14 4 69 33 64 1 72 68 0 52 39 7 40 12 84 94 54 38 18 30 40 24 40 36 32 9 47 36 50 
2 14 84 81 70 
18 55 49 25 62 69 84 1 60 86 49 8 96 54 29 68 65 48 31 4 24 86 72 51 52 36 48 45 39 94 24 4 20 35 47 53 87 
8 57 62 22 71 77 41 44 63 42 91 73 74 97 39 14 45 
5 17 18 94 55 31 45 35 13 75 60 
5 77 13 76 27 53 89 62 59 63 46 
13 81 28 84 21 47 90 4 45 89 61 76 43 77 61 31 18 12 5 59 56 20 41 67 49 63 18 
9 47 0 25 18 48 76 37 61 21 23 29 65 73 87 10 60 59 65 
1 20 38 
15 82 8 29 2 28 32 65 97 73 92 15 96 57 96 20 66 31 8 28 41 59 23 57 66 82 40 12 38 12 39 
10 97 89 4 43 97 87 39 3 80 74 10 17 71 56 22 53 36 52 82 61 
4 7 90 11 74 1 38 95 32 
11 90 78 84 0 17 27 19 23 28 96 95 21 33 4 80 13 86 27 91 68 72 17 
8 74 23 22 76 58 26 36 77 88 70 66 40 97 40 28 23 
18 69 46 21 40 57 94 45 32 64 5 12 23 41 23 36 47 58 20 37 55 24 23 34 9 21 89 55 43 85 21 18 27 78 3 37 84 
14 25 92 1 13 92 52 1 53 91 23 63 50 11 85 82 13 63 97 63 39 82 76 91 45 11 12 15 40 
8 29 91 81 96 57 24 59 81 91 3 79 56 22 6 33 62 
6 1 90 10 14 46 26 59 87 44 39 81 52 
15 62 27 94 21 69 53 68 61 6 56 10 3 7 85 93 23 47 41 67 16 13 40 95 87 11 6 84 5 17 95 
3 35 53 4 66 29 71 
11 57 21 77 0 38 64 83 45 1 28 34 21 24 30 92 79 74 64 91 8 11 1 
18 55 97 25 47 52 16 10 15 90 49 58 97 49 3 38 19 46 16 2 18 54 46 51 68 47 13 33 96 83 66 15 50 82 46 34 61 
8 86 95 73 31 19 56 10 13 2 78 58 6 29 17 14 60 
5 42 25 59 21 95 8 1 18 63 26 
20 39 79 63 31 37 79 2 55 47 12 91 84 83 37 74 13 75 79 7 54 12 49 80 49 71 49 52 50 44 40 20 18 44 65 45 70 67 20 60 18 
6 46 3 80 3 80 59 69 48 75 29 95 43 
12 10 22 86 77 7 24 9 12 77 18 84 2 59 66 11 14 4 41 6 5 34 36 97 78 
9 23 18 79 26 6 52 66 96 4 84 47 61 11 91 68 41 93 35 
18 29 87 80 6 29 8 70 27 20 21 73 29 71 70 91 76 58 22 67 59 38 76 59 53 14 13 86 85 25 30 33 32 66 18 85 8 
7 7 39 55 45 81 23 93 69 37 71 63 16 83 39 
18 56 43 84 28 44 79 75 30 6 89 93 85 0 78 91 28 46 76 6 63 10 32 94 39 14 96 65 71 49 61 85 26 6 90 29 13 
4 51 27 15 19 59 61 11 21 
9 93 97 47 26 12 65 95 89 9 5 39 18 82 43 68 71 89 46 
16 74 61 84 16 17 49 17 79 35 96 12 89 7 80 81 61 58 16 44 70 73 58 58 96 41 21 51 53 31 23 80 71 
3 33 91 7 8 22 49 
13 49 96 4 17 30 18 63 21 12 32 58 92 44 27 36 59 35 87 93 49 68 38 73 2 48 63 
12 62 61 51 59 85 90 17 3 22 38 42 51 59 72 64 61 7 63 0 5 38 39 9 43 
8 25 73 75 26 63 45 19 61 91 87 57 61 10 82 77 63 
13 88 71 57 78 80 61 1 8 26 76 42 93 31 13 83 8 31 70 34 28 81 71 84 95 25 48 
10 19 50 86 0 71 32 44 81 71 46 25 1 66 17 42 7 31 5 72 18 
2 0
91 52
10 15 77 55 39 63 15 19 0 88 25 43 85 88 20 32 67 17 9 76 35 
3 65 74 86 77 63 85 
11 16 21 49 37 88 2 86 63 28 13 4 34 76 48 28 37 25 2 9 55 70 45 
11 70 26 11 33 21 37 75 26 8 53 74 18 22 31 47 7 2 10 50 13 6 39 
2 30 64 39 60 
9 3 77 57 89 4 7 8 67 72 27 56 34 15 59 86 5 74 53 
2 62 88 49 59 
12 4 69 0 49 90 23 57 48 58 15 4 24 14 39 79 67 8 88 47 78 61 69 74 39 
20 59 45 83 49 8 32 52 50 80 64 52 43 17 61 82 66 1 40 81 77 78 67 81 84 9 1 21 50 58 67 63 33 78 12 32 41 44 40 4 53 
15 2 85 75 23 80 51 40 38 86 44 68 31 65 53 3 15 9 20 53 87 48 39 44 32 88 79 9 21 61 29 
14 49 23 3 79 8 29 61 78 83 73 18 37 8 4 18 38 63 7 83 71 90 79 74 55 90 83 41 50 
9 6 74 6 5 5 14 56 41 66 50 29 69 57 54 62 76 62 68 
6 8 58 56 74 30 7 70 79 82 76 2 59 
10 58 12 46 1 3 9 76 45 72 37 82 58 6 79 21 40 5 41 30 60 
4 78 35 5 54 30 81 59 85 
4 9 77 13 12 52 17 7 24 
11 55 24 4 48 58 78 8 26 73 21 44 60 42 53 30 71 78 64 16 37 80 69 
3 19 82 72 81 5 81 
5 46 31 14 78 27 12 23 60 61 23 
1 58 34 
6 84 23 5 75 72 50 51 87 63 77 2 60 
6 53 60 17 75 58 25 61 24 17 30 51 38 
14 54 13 35 41 36 27 48 36 19 83 1 38 57 18 8 1 43 67 13 64 66 69 68 71 25 64 34 35 
18 27 51 5 11 14 55 78 50 35 7 43 27 87 64 77 28 86 21 3 43 6 2 66 67 0 67 22 27 38 23 73 18 29 27 14 45 
18 56 1 10 24 86 11 80 9 42 30 57 51 89 43 82 15 62 41 35 40 6 3 26 38 53 59 42 25 8 7 66 27 26 55 58 80 
11 0 55 86 40 77 45 86 51 69 45 20 36 8 84 51 28 66 39 62 65 87 69 
1 19 26 
16 55 60 66 2 21 87 17 28 81 1 83 65 11 88 11 50 58 23 36 24 72 80 29 53 4 45 79 28 18 45 52 4 
14 12 23 53 37 75 66 55 45 47 76 29 39 17 81 88 38 30 33 52 53 72 36 5 84 75 78 75 81 
17 2 7 17 10 77 59 11 74 16 81 6 15 26 29 66 7 30 18 72 61 44 85 19 81 73 41 48 71 18 24 57 60 31 24 
4 1 50 62 0 3 74 34 12 
3 16 78 46 26 44 71 
19 34 41 0 61 2 12 2 54 57 81 5 78 59 87 12 37 9 12 63 36 46 67 16 9 76 44 53 12 35 28 88 53 58 44 35 77 86 43 
6 30 79 88 10 25 40 9 41 90 32 34 67 
13 81 25 47 71 0 51 44 34 75 71 26 2 34 66 30 23 22 35 40 51 68 14 4 16 58 32 
13 8 10 18 77 20 77 72 17 86 55 27 45 25 10 12 64 83 18 58 13 2 64 14 34 20 39 
14 55 50 20 67 25 18 76 20 47 10 46 78 5 79 8 89 31 87 6 33 88 69 46 0 39 38 62 3 
6 61 56 65 34 56 44 30 61 90 21 81 85 
4 44 26 76 37 71 12 63 1 
5 89 60 63 44 43 73 4 67 89 27 
12 22 56 22 69 62 80 43 44 12 60 43 38 28 59 76 55 63 26 8 43 89 37 80 42 
17 21 28 0 33 54 41 8 18 5 56 60 24 12 85 88 28 48 44 50 10 12 69 74 85 82 71 30 26 1 41 90 56 79 37 
13 74 35 20 60 43 77 65 63 30 25 30 44 54 85 52 35 34 37 19 74 5 34 2 41 46 50 
10 30 12 11 54 70 2 52 55 89 42 90 74 47 61 83 55 68 53 15 21 
18 39 53 32 24 35 2 76 41 84 60 52 29 79 25 28 45 33 7 75 28 55 87 62 37 52 31 55 77 77 67 65 14 86 17 62 89 
8 46 9 16 79 51 37 35 69 47 74 3 58 81 55 83 32 
13 32 87 3 5 7 40 43 21 87 85 9 30 89 31 14 71 6 38 66 28 48 24 35 51 29 41 
8 16 1 27 10 57 25 11 42 71 32 76 33 14 66 18 59 
2 15 10 49 24 
9 54 87 6 65 25 35 49 39 56 28 15 70 82 56 54 24 31 70 
9 6 19 55 69 6 75 25 27 90 7 3 0 3 21 58 28 34 51 
2 35 64 55 49 
11 3
17 2 8 8 1 10 5 10 8 3 6 9 1 9 6 8 4 10 9 0 1 8 6 0 4 10 3 9 4 0 6 1 6 10 4 
17 5 6 7 6 7 4 5 4 2 4 5 9 9 8 10 7 2 1 2 10 4 6 3 1 7 9 7 8 10 6 0 7 2 6 
8 0 5 0 3 2 3 0 8 7 1 5 8 3 9 2 0 
64 17
13 1 14 41 37 27 10 20 52 20 19 40 14 24 56 9 24 16 61 35 20 40 9 16 53 10 11 
19 31 1 29 41 55 28 46 38 24 17 6 55 52 13 36 9 9 42 52 12 29 63 22 61 40 7 60 45 24 6 37 50 24 2 26 34 34 36 
19 36 27 43 21 53 2 29 22 31 21 22 7 32 31 53 18 7 35 30 49 28 33 43 35 7 25 43 14 61 33 13 9 31 4 35 41 42 13 
5 13 3 41 28 46 27 59 20 63 53 
11 31 9 20 44 2 47 14 57 22 6 30 29 23 1 24 32 50 51 18 7 45 38 
14 55 45 47 22 34 34 31 46 43 18 49 53 38 41 40 42 49 37 25 41 2 13 49 0 25 49 30 32 
15 11 14 50 59 31 15 18 24 40 6 13 46 59 49 29 19 18 38 54 62 28 26 40 40 31 33 5 22 40 34 
18 57 50 9 16 3 19 32 45 51 58 50 6 58 13 44 8 34 6 44 54 20 1 19 13 2 34 47 44 55 11 18 28 53 31 41 44 
16 47 58 42 29 28 3 36 56 13 51 23 30 57 19 36 21 50 23 11 18 3 55 27 20 5 34 34 59 40 29 27 16 
5 34 56 16 52 34 14 52 56 20 51 
5 14 8 14 27 6 1 10 24 26 36 
18 47 29 37 6 0 19 60 49 59 18 4 13 18 15 46 61 36 46 30 4 29 2 26 48 35 13 48 20 50 9 3 11 60 63 47 46 
10 19 33 41 11 14 33 33 63 13 16 40 38 37 54 10 52 26 43 49 36 
4 45 32 0 20 23 12 6 40 
11 55 62 32 52 37 61 17 16 47 59 43 1 3 17 22 16 27 28 45 35 8 30 
6 0 49 7 56 42 49 32 38 40 43 37 23 
12 9 21 19 47 58 18 61 1 14 16 14 50 45 40 10 7 55 32 0 55 47 6 1 0 
91 76
17 61 52 56 78 61 86 87 17 23 14 48 35 4 6 30 81 70 9 77 20 53 86 14 17 20 36 2 53 46 16 14 31 38 21 
5 61 66 74 37 55 82 57 86 71 62 
18 8 30 54 46 34 41 82 38 31 21 36 51 7 38 75 66 56 16 70 84 32 38 30 75 88 3 53 44 8 81 55 26 80 47 13 10 
12 80 4 80 74 80 10 9 81 70 88 49 26 46 4 8 67 1 82 89 63 73 3 64 71 
17 41 82 9 22 86 68 72 78 1 45 87 26 25 77 60 49 45 46 35 45 73 29 0 65 53 45 39 14 42 67 30 22 32 42 
8 85 56 39 28 48 64 75 56 49 76 65 6 40 0 28 46 
2 3 79 19 24 
8 72 24 73 64 52 58 35 20 83 71 80 42 27 4 63 54 
5 27 85 62 47 90 18 89 33 85 47 
4 71 79 60 69 75 13 35 75 
3 20 1 27 86 72 81 
15 24 79 40 41 44 26 37 40 26 76 74 58 86 46 18 17 38 51 20 26 14 20 70 66 30 9 72 21 9 47 
3 60 26 73 46 20 76 
16 48 88 34 21 62 22 8 22 22 76 77 38 10 82 65 21 44 50 6 78 27 0 42 18 88 60 77 41 40 81 59 85 
10 8 5 80 66 23 67 19 67 26 41 73 78 9 55 85 11 8 62 42 45 
3 48 2 74 30 25 51 
14 35 78 30 62 46 79 57 70 55 45 61 5 53 29 76 38 22 0 33 6 54 56 29 21 54 38 80 78 
9 3 45 47 76 74 76 14 86 59 34 57 76 5 76 48 68 42 47 
20 19 11 89 15 49 86 87 58 28 67 2 79 31 1 21 67 83 78 10 51 66 18 1 78 86 22 84 16 57 20 73 44 27 41 59 77 25 9 11 55 
14 84 17 66 44 32 53 20 82 20 84 89 2 89 21 23 71 10 36 0 76 24 18 40 33 64 65 60 56 
16 28 36 35 86 74 29 39 53 37 85 31 41 79 21 64 11 59 62 66 6 74 45 43 68 89 69 42 63 39 45 52 62 
6 29 81 12 52 55 58 61 26 39 71 12 33 
19 71 36 90 79 35 41 59 40 89 73 63 76 60 33 89 55 53 30 72 86 22 78 46 56 7 50 62 7 24 82 74 18 71 67 12 11 43 19 
12 39 59 41 79 87 18 8 11 10 38 52 19 14 76 56 67 59 36 57 14 72 63 12 59 
3 42 72 29 36 23 35 
6 34 5 32 66 43 76 42 60 48 38 25 24 
17 23 33 83 85 44 81 55 21 18 7 45 17 7 47 61 63 5 78 62 45 2 69 87 54 34 53 64 20 40 84 28 84 26 31 
18 10 68 9 84 87 52 35 62 77 24 34 88 45 82 62 38 32 75 25 22 80 55 80 18 20 22 80 32 52 1 39 17 46 51 32 24 
10 88 5 55 36 90 66 35 22 15 84 66 68 83 79 13 4 36 6 1 6 
16 40 90 46 69 32 18 52 21 15 9 35 40 11 0 49 67 9 36 64 10 3 65 72 89 40 7 88 75 36 0 55 56 
10 19 64 61 12 42 9 76 67 32 10 5 21 57 45 32 2 88 79 40 77 
18 29 20 27 68 52 86 62 81 64 55 45 16 23 46 15 50 9 10 48 15 68 38 22 47 87 31 74 11 27 7 68 67 57 55 80 85 
20 17 76 19 66 20 86 83 36 44 0 45 36 59 47 57 5 57 66 49 31 52 70 69 82 19 90 9 6 29 13 53 81 10 56 26 50 26 56 20 62 
7 7 4 70 53 8 63 82 68 4 67 30 18 26 7 
9 17 68 40 4 75 0 65 38 8 68 7 17 57 33 74 27 32 47 
16 42 58 27 81 33 62 61 28 10 45 72 79 30 6 88 56 42 66 43 62 72 66 18 5 20 0 72 16 52 6 85 86 
14 1 17 90 13 60 10 14 33 56 21 50 76 86 65 40 29 55 7 80 49 34 9 45 68 5 36 2 15 
10 30 84 42 15 44 21 20 49 77 62 82 51 27 59 72 62 60 36 80 22 
15 33 47 85 69 71 10 9 76 64 9 69 16 25 13 43 10 59 68 15 49 89 38 29 55 55 0 47 4 87 20 
11 29 62 62 31 23 16 64 76 27 3 86 81 13 45 75 46 61 30 42 17 71 9 
5 40 22 37 75 80 75 39 49 32 76 
10 35 58 41 58 44 47 72 20 31 36 72 59 52 73 47 36 69 4 49 56 
17 74 17 86 7 2 50 15 71 1 51 13 81 74 6 14 44 74 77 64 63 86 4 5 67 63 21 80 36 43 13 17 6 25 42 
7 66 7 39 8 83 90 63 47 60 6 80 83 68 76 
5 72 17 28 69 72 35 88 11 73 54 
18 30 54 7 36 53 55 87 10 40 18 8 75 28 72 10 58 25 76 83 11 9 1 52 16 32 49 59 35 86 50 52 27 87 32 12 21 
9 82 36 87 2 54 18 90 82 48 31 12 4 43 79 18 67 75 22 
18 87 80 2 60 71 51 83 5 33 38 53 71 87 78 59 3 28 26 50 21 57 15 57 85 26 17 54 9 36 79 22 41 5 38 33 79 
6 29 76 61 27 37 4 14 29 20 79 74 66 
20 27 18 43 40 88 85 11 49 2 73 33 65 88 49 62 69 24 47 3 46 11 31 29 41 32 17 81 6 10 69 80 43 34 51 48 70 60 66 70 60 
3 88 4 42 20 43 65 
2 19 76 35 44 
5 72 54 39 90 66 76 32 81 23 82 
13 16 51 42 56 90 67 73 5 24 49 88 86 12 54 5 65 73 55 74 73 47 46 28 22 32 28 
5 63 36 43 45 55 46 84 5 25 40 
8 40 58 55 78 40 38 80 26 85 4 60 47 76 79 63 10 
10 71 76 41 17 24 21 80 82 77 13 2 7 53 50 32 36 24 17 14 66 
1 37 58 
17 87 8 3 69 72 3 15 90 63 51 19 34 33 36 77 56 71 41 74 52 88 26 20 45 80 13 17 65 47 78 23 6 74 44 
19 8 7 8 58 22 36 77 78 32 77 76 6 84 38 89 70 3 36 50 6 19 88 61 88 28 7 28 75 64 17 29 16 87 81 18 31 34 0 
9 71 44 8 21 43 14 22 56 90 11 41 0 77 11 43 82 85 31 
6 20 4 28 71 33 41 39 60 64 90 52 69 
17 89 7 87 34 59 90 33 69 58 56 85 55 41 69 82 5 85 26 37 6 1 16 27 72 58 21 77 86 11 69 80 14 62 76 
20 89 50 43 34 87 90 88 64 9 41 89 11 74 63 48 54 80 5 39 32 63 1 72 51 11 82 76 65 44 11 40 1 74 39 70 35 50 38 81 5 
4 37 73 63 65 72 34 37 62 
17 53 67 2 14 88 51 15 54 49 69 60 17 15 63 3 47 13 9 5 56 32 0 29 58 61 53 5 51 48 71 64 50 74 42 
8 60 16 55 17 12 78 32 90 13 46 83 88 58 82 40 55 
10 17 21 89 16 63 4 3 56 31 47 40 69 44 16 42 29 1 65 34 54 
19 82 16 26 68 57 90 87 16 83 13 60 21 9 17 37 77 59 18 25 6 39 62 9 3 13 5 27 71 59 45 47 79 20 16 71 3 57 53 
2 71 6 37 45 
20 66 0 87 55 40 75 46 50 72 70 77 17 47 50 42 82 54 68 8 36 46 76 29 11 19 38 88 30 2 44 1 21 52 38 85 68 66 47 39 79 
3 3 49 64 67 58 76 
11 81 38 14 53 23 26 32 56 49 5 53 69 83 56 41 81 57 71 20 21 28 31 
16 48 0 10 22 49 78 61 71 45 0 9 0 40 66 49 7 59 65 34 18 60 84 12 57 8 24 71 54 77 4 16 21 
2 39 42 32 8 
1 27 89 
80 114
14 35 61 72 37 27 49 58 29 26 56 6 79 9 55 47 5 48 9 63 65 10 77 78 51 17 66 10 51 
18 1 65 53 65 11 63 76 8 76 28 50 23 70 78 53 8 52 4 33 59 38 61 49 0 17 4 63 39 25 63 3 61 33 36 35 64 
18 42 78 41 65 76 58 47 32 50 79 15 4 71 55 1 68 21 24 38 47 48 62 27 29 42 30 62 12 34 55 25 78 67 20 23 13 
12 72 33 45 14 14 41 52 19 59 51 8 61 16 26 34 79 75 42 22 24 36 30 39 30 
13 21 15 53 58 48 39 46 49 33 49 33 23 44 78 42 35 45 33 62 7 2 41 19 43 44 10 
3 19 66 71 37 3 13 
10 19 60 54 6 30 56 77 43 65 61 21 55 47 60 28 78 10 49 11 17 
18 25 13 63 10 23 74 72 32 71 18 11 37 10 4 48 28 53 16 2 64 27 79 6 24 70 50 71 50 10 18 48 22 69 13 63 46 
6 9 65 22 59 73 50 8 43 41 13 28 29 
14 44 12 37 42 27 9 44 17 72 57 46 32 65 8 42 0 40 47 32 56 29 79 73 63 71 10 63 51 
5 76 67 70 21 72 30 40 33 44 33 
3 17 20 38 23 16 3 
6 27 47 72 66 17 23 24 30 9 41 76 21 
4 25 42 54 21 54 63 46 58 
13 79 20 72 21 53 18 38 4 32 74 71 46 69 20 25 50 37 77 9 6 69 77 22 20 69 56 
1 48 49 
12 13 51 16 43 4 66 26 36 38 6 40 9 53 66 15 79 72 18 19 12 9 19 53 4 
10 38 37 7 56 14 64 9 4 49 29 33 15 41 23 60 51 67 33 38 34 
16 53 5 73 69 50 19 41 6 49 36 44 52 32 13 15 78 9 59 46 74 38 17 60 23 55 29 24 29 74 79 40 12 
9 76 71 7 58 73 1 57 46 16 18 27 75 15 68 54 32 33 13 
14 2 28 76 77 24 66 5 41 77 74 73 52 59 26 61 24 47 35 54 18 46 66 51 68 40 32 23 59 
11 34 60 55 49 65 36 35 59 74 0 60 29 34 58 72 63 37 55 76 79 37 5 
16 22 79 53 48 62 20 35 66 43 68 35 79 57 41 12 74 25 47 44 20 48 52 67 58 58 64 32 61 9 18 44 46 
11 34 68 62 59 46 31 57 17 72 58 57 68 73 77 54 36 34 7 50 55 47 1 
19 2 0 40 31 78 66 71 41 42 26 11 73 65 15 34 59 75 12 24 51 23 51 23 18 52 50 44 43 2 13 75 22 52 62 62 18 66 0 
19 54 78 28 22 77 68 8 12 30 0 28 49 11 4 73 9 37 6 27 15 35 78 60 61 2 40 52 0 38 9 52 42 48 50 44 25 70 25 
18 1 6 70 73 49 43 16 29 45 36 41 26 9 17 49 74 32 12 14 13 26 29 42 13 7 20 7 31 48 36 2 10 44 42 2 54 
2 77 51 57 37 
11 38 35 24 4 65 55 60 20 74 30 33 32 40 59 31 79 28 21 45 77 11 26 
7 75 14 66 68 37 50 60 31 11 43 19 51 7 8 
20 47 46 71 79 37 68 75 10 35 15 42 50 27 78 3 33 54 52 39 36 3 35 15 56 32 20 39 49 39 51 53 43 1 41 3 49 25 59 27 6 
5 71 22 58 26 2 9 72 45 67 78 
4 48 18 54 30 54 68 70 22 
9 62 13 31 49 0 68 70 48 7 68 34 18 53 23 7 60 4 26 
16 70 75 11 12 44 8 57 56 29 64 1 5 15 51 16 34 6 43 1 58 38 10 72 43 25 30 63 4 53 13 70 42 
16 35 77 47 58 60 43 3 64 78 8 44 79 71 59 52 12 52 23 46 59 6 66 69 74 26 68 61 29 37 40 1 24 
4 24 0 65 32 2 73 14 24 
17 72 14 28 42 57 73 7 55 10 46 0 56 1 55 62 77 65 56 44 39 21 63 38 50 41 7 40 64 6 68 78 79 35 0 
13 47 78 5 60 7 61 57 16 23 66 21 23 11 47 67 12 41 78 46 55 28 17 76 46 47 62 
9 72 28 22 66 5 79 54 60 27 71 71 28 63 68 62 66 5 22 
3 47 77 14 47 53 52 
10 44 22 73 35 37 65 54 22 53 77 72 25 71 52 6 56 11 38 23 12 
11 8 26 58 68 67 32 57 54 32 29 45 0 61 66 67 52 77 64 40 15 36 68 
20 2 49 17 31 72 1 33 62 50 5 42 6 13 36 28 5 71 26 61 49 15 12 44 47 76 20 35 26 18 68 11 62 4 30 54 61 40 60 50 0 
13 52 64 73 0 54 40 14 65 75 17 59 0 48 37 48 47 54 15 70 64 50 77 33 78 2 60 
15 42 5 36 79 7 12 60 6 54 17 75 28 21 8 17 56 73 33 63 15 76 7 57 36 67 55 17 79 59 30 
1 78 68 
17 22 34 70 18 47 66 59 18 57 65 53 67 73 79 38 58 69 7 11 51 15 59 5 32 25 65 33 6 2 22 67 7 70 79 
16 10 36 25 69 77 79 2 70 9 1 44 2 48 73 43 56 53 7 15 17 45 12 25 41 72 40 57 62 27 74 76 41 
8 51 20 58 0 53 42 38 74 53 37 45 9 11 69 2 20 
17 25 35 48 35 27 18 2 25 25 66 24 20 37 31 2 30 50 35 40 52 52 22 17 59 53 60 17 43 13 79 15 61 76 78 
1 21 35 
18 76 33 14 9 52 13 50 8 72 5 63 33 38 21 11 41 5 78 72 3 58 4 13 58 10 61 9 0 45 37 25 61 39 55 70 32 
12 53 63 71 23 21 5 16 79 28 30 2 21 2 52 30 43 36 43 75 46 66 26 44 4 
12 6 29 45 51 70 13 16 13 78 58 5 68 77 49 48 54 72 48 14 42 12 24 1 13 
16 7 6 6 64 63 1 61 64 76 31 70 33 35 55 45 26 14 5 71 13 11 78 66 30 71 47 50 62 28 51 38 12 
10 22 8 35 7 60 0 28 41 37 79 69 33 2 33 65 24 14 69 17 26 
1 41 31 
10 72 13 58 79 48 59 19 23 45 62 53 69 4 51 35 58 72 61 6 0 
20 27 5 50 46 62 31 3 69 71 39 51 18 1 36 35 20 47 49 37 17 41 51 41 15 76 49 72 6 18 56 55 31 31 68 40 20 63 31 52 77 
7 78 77 58 8 14 29 52 55 28 0 52 46 53 3 
1 62 32 
4 19 24 75 29 53 14 5 26 
2 77 20 5 58 
10 76 50 25 49 8 31 64 68 39 19 3 22 47 51 32 6 19 79 47 65 
11 14 22 70 51 47 20 42 10 70 14 42 34 16 40 62 4 9 58 31 64 44 59 
9 7 18 76 6 71 15 72 16 26 30 3 79 75 62 19 36 38 20 
5 53 36 14 18 7 23 44 26 21 10 
20 53 75 47 50 14 30 53 78 30 20 51 56 73 7 14 78 47 13 67 40 38 52 6 18 1 78 49 30 48 51 27 31 44 41 36 29 8 0 57 53 
14 45 40 38 67 76 4 57 32 11 60 70 46 21 7 46 33 36 18 38 24 11 70 73 24 25 73 25 8 
13 43 64 48 16 17 61 74 20 69 17 25 28 45 71 75 43 79 43 39 33 66 43 39 15 37 49 
14 23 4 7 30 33 7 38 59 58 30 4 36 48 63 41 20 5 61 27 34 69 0 53 22 51 0 45 10 
3 2 43 60 13 65 0 
15 46 22 5 30 9 62 27 14 69 64 0 64 76 32 48 12 3 43 17 36 33 43 27 69 40 34 60 59 42 33 
13 65 23 65 78 27 58 2 66 53 25 19 77 74 64 4 56 27 56 16 30 44 56 65 31 47 55 
7 16 33 6 20 48 32 49 18 52 39 2 74 54 64 
9 76 68 76 36 2 3 47 23 28 39 16 56 17 6 1 18 33 56 
13 21 19 27 48 52 5 45 61 65 58 39 8 28 73 13 68 5 15 9 79 48 7 35 24 46 1 
15 39 6 62 55 40 1 46 6 40 43 21 66 52 7 44 11 40 49 39 74 53 17 17 58 28 77 38 42 76 16 
17 4 0 37 15 72 52 5 36 9 30 8 49 67 42 61 74 73 68 5 43 38 25 75 77 55 20 17 29 45 4 74 51 77 29 
12 14 1 61 30 54 16 2 46 78 64 23 56 46 18 15 6 9 50 71 36 40 19 45 75 
11 67 71 26 64 59 66 42 64 53 56 2 78 1 19 57 0 41 8 11 10 48 68 
17 19 31 67 59 12 4 59 68 54 31 8 30 32 60 72 44 10 39 38 66 45 42 48 31 13 31 28 79 45 54 33 4 2 1 
9 22 60 67 50 23 68 69 22 52 31 7 43 55 43 34 51 53 50 
14 46 24 12 43 35 60 65 17 73 62 10 62 50 12 44 66 5 59 46 20 25 75 11 58 50 30 59 43 
20 53 15 23 30 57 3 76 26 19 74 40 7 57 33 71 34 49 66 73 30 4 43 57 23 31 20 76 73 72 19 44 7 1 61 57 18 48 17 70 6 
5 18 43 17 32 59 6 47 34 0 20 
3 71 31 57 19 72 49 
1 68 56 
6 50 32 41 12 44 55 15 13 76 51 54 75 
15 31 30 9 31 21 65 42 36 35 36 16 62 12 0 78 24 28 58 8 56 27 51 60 56 35 49 38 69 67 10 
19 10 55 52 21 71 66 17 64 16 9 72 9 10 32 61 31 37 64 67 74 21 36 53 21 38 41 38 68 72 77 18 30 67 68 52 14 70 66 
6 6 55 5 12 63 35 25 64 19 65 61 4 
10 67 30 10 19 69 26 26 51 25 36 27 63 23 64 37 0 41 33 46 29 
1 67 66 
7 62 79 57 8 77 0 33 31 79 64 69 79 30 68 
1 14 8 
9 76 52 13 4 69 10 59 8 75 64 11 15 38 5 76 39 23 61 
11 61 36 44 38 10 65 54 7 77 12 36 56 75 52 71 32 3 46 66 51 67 1 
12 45 60 75 24 8 66 76 29 73 18 53 1 28 66 37 47 47 29 1 12 57 28 45 49 
2 75 23 48 58 
15 58 66 25 10 41 43 77 24 65 7 7 64 22 43 25 16 72 53 45 43 47 61 38 49 39 22 71 73 37 41 
5 40 35 63 7 62 49 44 1 44 28 
16 79 18 55 79 45 50 46 60 15 8 38 33 44 30 3 56 59 49 79 30 14 35 55 74 45 56 48 60 28 1 75 39 
1 32 66 
17 65 6 37 28 44 70 72 22 54 3 4 74 19 15 66 64 21 30 71 40 24 18 34 12 32 51 67 24 60 8 16 49 50 26 
15 62 51 26 74 34 0 44 69 25 58 33 8 17 30 72 15 31 66 27 40 59 31 25 74 28 6 60 12 72 62 
2 54 12 76 25 
2 11 9 16 6 
9 3 66 22 74 8 74 72 11 34 61 45 18 8 68 78 43 44 57 
18 27 66 46 65 65 62 7 24 62 30 38 18 13 29 16 23 75 68 61 0 60 36 67 62 78 60 38 8 37 56 35 23 10 35 11 24 
5 70 43 52 10 72 70 76 65 70 45 
12 22 58 16 28 7 4 2 68 35 51 67 28 47 43 71 19 45 47 48 65 34 36 54 73 
13 71 5 48 67 23 77 61 77 57 9 57 48 13 77 14 21 5 34 58 36 11 45 50 36 24 79 
93 148
8 55 29 56 29 77 38 73 0 13 66 5 27 42 71 0 55 
10 84 82 89 52 56 76 84 69 17 55 37 24 24 50 75 0 91 62 24 80 
15 68 1 21 89 85 32 84 39 35 58 67 4 28 77 15 14 51 45 81 74 60 76 27 16 27 13 3 82 66 48 
9 80 76 10 80 12 34 31 21 74 75 83 3 56 83 89 49 41 48 
5 84 77 9 91 63 73 20 20 64 15 
16 58 3 62 7 24 15 90 35 22 63 68 36 76 55 65 73 60 32 33 52 43 79 39 47 28 29 88 59 47 50 86 16 
3 27 19 13 46 52 41 
17 13 1 60 17 39 19 68 21 30 69 59 5 89 30 3 76 5 79 0 79 66 34 13 27 50 31 35 87 85 18 0 61 47 5 
9 5 86 90 5 14 74 0 62 35 88 20 69 12 75 88 62 51 51 
18 5 50 31 61 10 2 86 75 9 54 0 88 62 75 74 84 53 35 57 72 28 17 59 42 26 6 10 55 75 70 52 6 0 16 17 11 
6 65 38 74 52 58 13 47 61 73 33 74 29 
20 1 77 53 42 74 1 57 30 25 11 64 88 43 26 84 88 57 43 5 12 14 36 68 4 9 66 1 85 35 80 78 56 86 76 57 73 53 48 30 32 
7 45 79 85 78 73 70 26 18 85 72 70 92 36 16 
7 15 46 85 12 64 74 17 50 68 15 30 68 16 19 
20 47 76 11 3 26 21 91 82 17 8 76 29 66 81 49 77 27 33 13 83 83 76 4 48 15 40 92 44 2 54 80 58 25 58 69 6 53 50 4 30 
8 32 11 19 76 66 26 69 1 2 41 0 3 22 54 73 23 
5 84 4 77 0 70 48 11 33 72 43 
17 37 42 0 67 29 36 51 55 21 70 9 17 39 14 64 40 80 35 14 65 56 38 25 14 67 27 69 5 51 12 5 75 33 16 
5 46 8 8 7 92 81 89 76 18 40 
4 44 28 3 67 19 29 16 5 
19 8 14 86 38 1 49 19 37 49 9 33 72 14 64 75 68 14 1 66 5 32 46 13 16 40 18 56 15 47 32 52 75 5 16 39 66 55 89 
20 29 79 51 21 21 83 74 48 65 3 21 3 70 25 67 82 67 65 10 3 19 86 77 14 15 34 86 49 16 68 71 73 63 61 80 20 33 19 37 12 
6 71 46 77 5 58 50 25 55 36 18 24 63 
15 87 10 44 81 7 69 23 21 35 55 25 91 72 31 43 74 48 13 4 33 81 69 58 85 61 79 89 15 89 12 
14 25 3 39 12 65 10 66 6 91 52 53 64 60 16 51 7 16 2 41 29 62 32 37 0 88 89 63 19 
15 24 18 64 90 23 1 67 92 79 74 25 5 76 91 58 29 76 84 45 71 60 89 84 2 74 73 49 53 41 64 
11 44 49 83 53 88 14 81 88 68 22 50 78 21 0 73 43 28 73 59 69 33 42 
19 2 10 57 53 48 92 62 0 75 47 45 38 20 22 63 46 74 78 27 87 4 37 46 82 5 85 31 8 58 2 14 42 69 21 72 4 79 14 
8 19 47 36 33 74 59 42 78 28 58 26 61 85 33 65 31 
18 46 53 81 35 90 88 61 33 42 89 89 27 65 18 33 33 41 61 63 52 82 39 14 19 75 33 10 87 63 22 24 5 16 87 43 35 
14 21 77 55 72 57 5 50 92 8 43 33 18 30 74 3 54 48 61 78 15 77 59 54 50 33 12 44 78 
16 47 3 16 54 36 53 11 64 15 23 83 13 92 67 61 15 71 25 85 42 75 29 53 88 20 59 19 67 58 83 63 53 
19 17 56 41 21 73 32 87 64 85 79 77 66 73 47 4 26 69 14 87 42 57 2 2 11 75 90 13 7 90 55 25 89 92 47 43 91 58 56 
20 79 20 32 49 37 35 89 64 23 2 75 24 75 7 33 28 25 33 86 48 61 56 35 71 5 15 15 12 26 81 77 83 82 38 71 56 35 25 56 14 
4 68 19 68 59 41 49 71 49 
3 70 14 43 55 75 85 
7 45 73 23 28 20 53 25 46 67 1 2 56 40 4 
6 10 9 47 24 18 0 85 17 67 50 37 32 
19 43 67 41 72 88 72 86 10 12 37 53 83 50 21 72 78 91 55 87 31 36 82 83 16 80 88 0 75 64 3 90 12 58 74 23 53 28 19 
16 92 72 68 17 30 20 88 11 92 46 25 87 92 63 25 57 12 81 18 68 5 76 22 51 72 19 47 44 73 80 47 57 
16 81 80 35 64 24 28 1 11 84 44 73 55 62 54 48 42 20 83 92 86 73 14 88 6 73 17 0 51 30 34 26 83 
16 61 67 23 39 53 9 33 58 13 30 75 80 55 18 70 20 40 63 3 9 85 16 10 85 10 73 1 69 58 58 17 29 
7 2 36 11 51 87 92 0 2 63 3 89 6 0 37 
2 32 47 56 20 
14 12 29 27 14 89 28 26 86 47 89 45 54 18 27 85 53 7 10 60 23 1 55 15 55 4 56 5 29 
7 77 87 79 79 5 66 72 30 17 84 3 49 4 70 
10 80 60 77 32 53 85 22 30 53 22 11 13 17 91 74 25 42 48 50 64 
18 46 83 33 36 19 82 4 13 87 21 19 40 32 14 88 44 84 37 64 5 49 61 58 47 21 44 30 92 79 10 21 37 85 65 67 86 
15 48 11 40 14 61 1 31 17 16 22 82 91 47 23 66 22 16 72 14 6 20 76 50 12 4 83 35 90 55 36 
6 87 2 6 92 44 27 22 13 72 58 10 60 
13 31 3 6 41 77 63 39 41 68 83 52 13 4 24 80 23 49 59 51 6 54 16 89 90 22 78 
13 87 20 2 87 49 58 30 54 32 91 39 54 2 5 35 73 40 23 74 18 45 25 64 86 77 8 
17 70 42 6 25 42 76 52 7 31 4 62 59 76 7 51 49 0 31 24 6 31 90 4 29 72 74 52 61 2 8 11 5 75 36 
19 17 87 69 43 65 29 54 87 40 68 88 58 90 27 57 85 5 22 47 28 13 41 2 23 65 22 66 55 59 47 7 41 91 64 71 22 17 61 
7 2 72 46 87 83 15 43 80 20 68 4 53 37 68 
10 30 37 36 5 11 15 87 90 11 56 82 71 29 22 6 5 41 73 4 42 
5 12 47 23 80 50 70 72 22 73 40 
17 91 54 79 75 65 26 10 26 59 56 25 4 54 2 30 3 44 82 54 30 89 3 59 57 16 88 21 5 82 69 36 70 51 71 
1 54 36 
13 58 48 63 88 89 79 50 14 3 0 39 69 82 62 5 55 32 1 84 55 2 49 29 50 88 2 
7 40 40 50 36 35 67 29 62 51 62 1 32 74 77 
6 45 36 19 32 86 21 12 5 64 87 74 43 
20 21 24 77 10 10 43 71 89 39 83 25 12 79 19 70 44 1 80 27 8 39 44 85 6 0 21 76 53 18 72 50 33 65 74 37 59 25 73 52 50 
5 20 88 27 52 7 4 53 19 87 79 
5 89 23 41 20 84 60 15 54 85 21 
3 35 62 85 30 24 37 
20 76 77 1 6 54 91 43 16 6 80 37 2 60 69 75 61 10 77 15 76 14 34 90 36 52 81 89 45 9 24 15 87 10 36 55 49 22 73 63 60 
11 35 38 33 38 28 14 20 18 70 82 4 35 59 20 33 5 56 58 31 22 44 68 
1 46 79 
18 44 8 47 92 12 87 35 8 28 55 84 61 73 42 43 76 2 83 55 68 36 27 74 69 88 80 44 36 13 57 8 55 27 17 83 24 
18 69 36 50 82 90 19 28 54 42 4 14 32 73 65 35 86 60 46 50 22 37 67 74 47 22 12 29 44 51 31 92 3 36 30 59 38 
8 73 12 52 4 65 91 72 79 36 79 45 0 26 8 91 80 
6 33 11 71 21 50 32 22 92 50 1 42 35 
5 69 57 17 69 43 5 40 8 54 27 
9 73 37 37 79 60 10 37 81 83 18 77 48 40 59 72 5 28 34 
19 41 32 27 31 29 82 20 36 46 5 51 44 91 69 70 65 3 92 29 85 15 86 80 22 3 58 6 67 21 40 86 71 13 2 76 25 85 49 
3 42 73 60 3 66 30 
10 49 33 26 79 70 80 71 48 78 17 7 26 42 33 24 70 92 71 78 67 
9 55 80 87 53 14 12 56 46 66 19 66 58 5 32 33 60 27 39 
17 86 12 23 15 39 18 1 30 83 74 86 31 75 75 40 88 80 14 49 18 48 46 41 11 9 43 75 52 14 47 27 20 66 86 
15 54 66 92 49 82 26 88 57 83 36 12 15 68 73 30 73 19 8 3 45 57 39 39 62 46 15 7 17 29 39 
1 7 70 
1 57 68 
11 79 89 81 0 40 22 72 0 73 20 83 7 9 46 8 89 85 39 61 3 72 68 
11 25 2 56 0 83 40 56 34 53 51 3 48 0 33 24 82 81 32 29 92 35 36 
8 62 65 17 49 60 81 32 42 10 22 6 82 0 60 46 49 
13 77 27 56 52 88 84 88 33 48 65 92 30 14 13 10 45 10 63 15 51 75 50 70 10 53 2 
8 89 8 88 38 73 67 54 15 76 15 56 33 46 65 5 34 
16 50 11 49 11 58 86 46 25 11 10 91 13 88 46 26 65 89 47 64 22 48 89 6 89 65 53 31 24 65 65 9 47 
5 64 26 17 90 91 14 69 76 45 82 
12 91 12 86 82 90 78 48 51 26 32 25 8 22 15 52 58 0 54 84 84 13 25 21 62 
2 86 85 35 53 
2 70 50 33 10 
11 72 47 17 81 7 52 92 8 20 29 80 7 15 64 89 74 37 77 64 73 15 50 
19 64 47 24 23 20 81 82 36 67 21 71 12 53 36 70 59 13 77 32 52 59 90 3 57 62 61 73 74 79 21 81 83 28 21 73 26 36 6 
18 17 57 16 30 12 27 41 67 58 64 11 54 87 38 92 9 5 36 43 21 82 80 51 50 52 29 69 3 25 72 62 84 80 78 30 16 
5 63 18 41 36 29 86 43 78 26 59 
18 70 77 90 44 87 49 92 52 68 40 19 69 9 86 9 77 82 77 68 24 50 26 26 28 35 30 89 42 49 21 7 14 56 24 0 69 
8 14 16 8 78 5 43 0 23 25 44 82 86 84 38 80 21 
17 2 75 67 32 50 73 91 89 36 62 63 15 53 54 75 58 91 29 3 8 12 8 9 38 42 38 72 62 67 80 64 44 56 23 
7 31 29 19 70 72 71 90 56 90 9 22 0 51 30 
18 32 80 27 77 4 69 21 80 31 45 7 3 46 48 49 91 15 16 40 1 41 27 63 71 87 70 35 15 90 17 48 75 47 11 3 72 
4 1 39 31 87 90 84 88 13 
12 19 38 81 39 85 19 75 48 1 3 13 36 36 88 18 90 25 81 62 63 29 80 37 22 
14 4 25 3 15 92 84 48 24 59 16 45 56 61 44 23 67 62 83 25 49 66 73 92 65 63 55 83 68 
5 14 69 16 0 69 2 10 53 44 60 
3 66 85 80 87 89 81 
8 14 55 72 25 7 8 88 85 8 66 73 44 20 2 68 11 
14 27 50 40 34 22 83 37 18 66 51 55 32 17 35 58 75 76 78 48 39 56 6 24 91 0 59 51 92 
11 48 77 46 56 43 2 23 76 64 68 59 1 72 9 88 68 85 85 69 19 47 48 
4 88 36 10 54 50 9 57 49 
9 55 33 62 15 32 69 9 1 44 47 58 79 53 20 49 66 33 51 
3 65 87 61 40 54 80 
4 86 68 82 27 59 7 79 57 
11 67 44 28 22 85 52 25 60 91 33 91 23 31 49 15 33 29 35 91 73 42 91 
6 80 66 57 59 36 69 64 0 73 31 81 77 
3 55 8 25 40 50 3 
15 81 16 40 76 25 35 36 22 87 29 85 57 80 33 4 88 16 82 4 40 87 16 67 12 7 86 55 66 89 46 
13 81 27 90 3 53 31 13 22 29 21 4 17 60 74 42 85 12 52 72 56 25 83 25 30 49 25 
19 36 12 81 65 35 33 8 70 1 66 67 23 87 91 51 0 49 65 1 73 31 26 42 69 8 74 48 1 39 32 23 60 44 48 0 80 73 88 
11 75 56 9 15 25 26 16 50 19 71 36 23 44 91 62 45 5 17 40 89 86 74 
4 67 36 24 74 46 14 4 91 
12 49 35 59 27 51 18 31 75 46 18 57 36 17 37 36 85 26 37 70 56 58 26 45 60 
4 7 40 55 28 20 72 6 90 
6 64 35 57 8 43 88 2 15 40 27 90 60 
10 0 19 57 46 8 54 59 44 83 85 24 10 69 62 40 31 14 26 91 67 
1 52 28 
10 88 75 57 11 90 81 58 71 48 44 53 47 63 89 24 59 32 24 8 44 
19 31 60 37 40 9 23 15 49 82 3 3 44 3 62 7 18 79 76 4 73 11 4 53 33 20 70 3 42 85 23 90 77 57 15 3 27 43 20 
1 53 74 
19 65 47 43 47 86 6 43 59 91 44 42 21 37 43 46 36 4 31 77 29 68 56 92 41 72 16 8 42 42 87 62 55 9 39 69 28 30 36 
6 29 66 35 35 91 79 84 73 68 13 18 77 
18 80 1 79 77 8 71 11 44 10 38 60 90 14 11 83 20 48 9 92 39 82 49 14 62 36 1 81 58 72 33 14 76 77 43 49 52 
2 33 81 45 46 
17 80 55 39 84 66 77 25 47 9 18 82 54 58 80 22 22 41 38 20 57 50 53 49 19 5 53 0 10 23 56 37 47 44 71 
3 26 0 30 53 26 55 
6 27 89 77 50 61 7 39 67 37 37 65 12 
19 18 73 75 18 65 67 55 48 73 27 15 21 70 21 74 33 2 47 7 78 74 3 81 70 2 34 28 51 15 30 12 92 49 54 43 9 59 52 
10 81 1 23 26 79 3 44 63 14 40 60 36 74 30 42 61 71 42 39 3 
12 64 84 11 82 91 27 39 31 31 59 26 91 86 13 37 30 4 34 59 80 7 11 2 70 
1 69 90 
13 23 44 91 61 18 76 11 90 46 39 30 58 16 57 40 75 69 70 35 0 74 91 1 62 47 85 
12 8 10 53 78 89 70 62 53 74 31 91 77 61 57 41 85 66 15 26 69 58 20 20 45 
4 29 9 36 40 81 46 58 67 
8 54 90 25 62 9 71 3 7 19 87 11 71 58 76 18 5 
14 49 90 32 57 3 65 60 43 44 77 50 40 19 64 27 85 92 50 51 75 46 41 46 40 5 71 3 84 
9 62 69 90 8 61 75 64 69 78 31 1 64 52 30 32 89 43 10 
1 23 70 
67 7
19 1 41 8 27 15 25 9 52 52 38 13 7 27 10 6 12 47 2 4 62 12 54 0 36 34 29 27 21 7 11 7 52 46 3 55 10 65 23 
14 36 54 8 29 47 41 10 45 34 21 65 3 6 41 24 1 2 25 1 8 28 35 23 27 43 51 55 61 
7 1 39 62 18 62 66 7 51 66 20 34 48 21 47 
12 66 32 6 35 56 61 62 22 47 63 58 56 53 66 31 42 58 20 11 2 32 23 23 17 
6 0 12 35 6 28 62 53 22 31 14 13 47 
19 10 21 22 27 46 40 6 56 64 65 0 31 12 60 24 43 43 60 56 4 8 33 55 18 20 26 64 35 61 7 38 25 12 65 24 4 57 34 
11 4 50 22 0 28 56 22 2 52 44 31 36 42 1 0 43 47 43 21 66 35 24 
