20
28
635478 180173 818338 220913 28025 877624 801811 834028 702252 438656 852974 730334 900874 414092 957350 591203 518371 870772 526759 232548 942873 447896 182985 197089 900235 969763 357057 847544 
30
174011 801299 114422 354184 619637 851687 382209 497262 653498 732590 715866 608506 101916 446201 509381 32360 919903 616936 550731 790675 143696 299631 733549 107944 482616 446990 8179 452380 804047 855723 
60
978058 657022 562097 848595 793011 413784 747156 806625 67282 479746 522492 675789 581663 968693 701522 614023 404948 318458 681107 195623 978506 980738 929172 86450 979707 892514 610981 432087 212914 466704 879762 707324 640078 441860 555919 433090 855644 819428 239715 439279 815526 278559 631420 397189 247252 849294 527565 168552 684104 725024 364176 662611 705762 809700 265413 685469 702215 876395 633908 915129 
57
30023 138805 499530 471883 694725 448972 843879 30505 205039 283158 846031 483599 430930 759573 247203 280224 287138 415756 964329 528514 779932 143292 234276 589632 925057 436098 808199 317804 586358 723328 177256 616381 862134 676786 88264 73211 642110 448496 103716 847149 731654 466099 330748 678937 225672 577952 959161 29162 993708 439842 557676 289992 583134 308305 879624 24544 260755 
69
342348 847113 927504 519604 463495 305990 712742 68111 379201 354852 516607 999269 718354 764614 981721 49102 443551 207393 143406 919064 752908 137114 358907 826936 427106 458393 135241 823083 999289 395996 510907 341638 759462 954763 861242 222957 260754 90337 807420 156307 961541 840380 671929 679895 121346 653650 245350 81249 861043 388756 313 130303 42223 875572 957240 469329 850318 608833 808764 849607 4830 836023 707597 764292 790787 85192 503601 51541 175529 
6
207848 137070 184105 879777 333318 305451 
67
578668 386700 427175 967424 903366 557478 9647 295290 514718 995329 661960 123552 804093 27920 644734 640117 735517 925378 947256 820709 945331 998797 512590 289056 722997 166013 473162 119127 499331 778613 685258 594351 681666 112433 561775 101384 669912 87775 396674 700982 599456 574987 340886 403549 602907 985620 560018 854776 427350 507274 191838 372681 22423 220780 178090 261773 386793 651252 897252 402476 946217 582510 996827 627883 694944 558603 729267 
58
162730 642294 582190 762186 733633 439429 682087 852892 941401 242106 707668 368752 265732 415858 257785 804508 636639 435875 582633 23432 87127 996237 425909 33345 578747 939088 177580 790043 14043 423200 187603 176773 581846 286146 455311 831831 725575 137399 684723 666976 895857 908743 35728 677941 324602 809866 998801 477593 245741 581434 17377 849221 577671 959638 398918 672771 898727 92850 
63
912770 516050 166770 89544 614248 452916 544855 446079 178491 198606 130802 845467 94463 555898 397548 772405 880500 723766 771206 874445 969507 868993 891822 335080 963016 851461 250350 152139 750188 343201 131306 662958 375603 814428 268854 506204 267344 330062 468635 962187 45020 599438 324006 139484 671688 237906 428241 68540 961672 715799 942985 447532 101144 834807 782612 64161 686268 549315 216300 952808 408868 863958 132119 
60
678386 400973 807027 945730 247387 275663 424269 292408 391453 748276 948244 63141 986182 376485 648033 947855 608636 591018 395387 709781 425825 694351 773942 628446 243666 506594 581254 168886 370553 713373 469710 48939 630699 276737 511022 394438 68752 935291 686846 976557 683567 635090 556050 186102 527927 204083 650309 652916 795101 45696 362697 737279 256399 652991 882077 16418 159585 979683 185304 530138 
89
655014 95430 840108 448104 606452 234546 516856 58095 437745 9766 258015 589187 565816 444117 117115 286252 94426 286383 81353 656474 649080 334984 912873 302071 217061 929291 461656 196745 114596 508147 406154 285962 603577 246262 734066 726381 997160 767275 784476 434905 293393 42491 540445 859209 2960 173912 145461 97386 460295 743167 270212 109375 78151 699438 411446 811565 628729 389454 8310 259677 413953 930816 61992 533882 177078 796058 776615 690590 79685 561092 641848 373078 119935 182293 748640 122896 356205 894101 736634 816500 153620 6847 442227 748124 706285 370025 559689 851366 759479 
53
627396 689785 498815 689388 740019 192245 1798 516635 399187 81484 594079 41035 970914 714014 739680 719554 836910 95885 130008 89897 428737 283628 96744 870964 31752 319381 240989 107793 170747 516821 192144 798143 722958 690959 3883 462977 399556 5682 979612 315096 603518 573691 356131 574432 804058 612164 810339 157320 708049 940347 247217 653139 740327 
31
524103 288432 179694 765093 396225 350442 798266 588370 664937 521224 795681 668821 984201 711590 190855 480166 26686 794373 570209 899169 368805 374267 511333 695496 531588 735735 635843 778805 388874 892523 639119 
59
180955 818813 194422 93532 685607 509040 198254 350545 30264 510288 535718 530818 221878 726573 10984 764916 37298 581193 180437 922455 471813 691771 617952 3401 427506 770147 298558 332732 662670 937677 762061 359977 272843 956484 969862 958450 465524 168116 825347 12141 678404 877417 542959 416634 120342 70295 181550 157640 651488 361988 80096 639653 570111 698048 643054 513969 468195 941613 846701 
2
395642 608762 
60
184837 81598 977057 659640 63475 661526 1339 75616 339930 878757 134927 756565 515451 205222 454467 673092 373062 816455 269540 12716 902918 483940 655770 416887 468487 113735 263588 115705 25730 388703 639253 210567 986653 132662 386559 50128 794188 387899 125744 650471 783008 260671 923388 298459 465893 377855 487903 355308 710663 757443 368024 613581 757735 540146 546821 226223 170234 326761 858280 195964 
50
497533 922883 702118 146548 309443 752246 940736 213694 394343 107559 996702 171366 30947 811513 153612 408803 299417 508920 635818 573212 876944 249399 330948 417090 312572 73523 587324 639334 931803 299640 354798 945689 222524 573268 608589 48319 841867 65677 262013 236210 173237 775067 923928 204184 586580 77540 129339 885997 586460 765157 
14
979756 530909 306510 396847 843481 896385 500523 482815 344540 800164 353966 806581 539040 927234 
62
103711 769101 480848 882076 521663 654085 657143 445592 858269 760075 523132 503961 646073 625945 269118 621635 605701 800027 444497 518900 643509 857234 19424 642676 201774 335940 996642 8356 391332 923877 939878 11395 209330 420726 893471 730994 591163 66966 176586 965785 827041 216070 469746 989466 358367 738864 127453 964069 55244 571950 482969 698753 945536 18745 341429 147311 871037 338072 672019 778721 778301 611897 
50
987631 548976 199939 718625 140139 266905 411563 622276 610299 143986 92022 599765 502353 347239 727219 982774 402483 815521 982096 617588 761058 517193 475369 424721 388231 813441 96740 166952 108094 224989 473421 95726 773965 673360 330703 430457 940266 258619 52733 66917 918957 144756 666682 421310 491995 393901 920437 894478 725775 902533 
