50
1000 1 19 15 17 14 8 20
1000 8 19 14 16 1 4 20
1000 10 12 9 15 14 1 20
1000 0 999995001 1 0 10000 10000 1000000000
3 230504348 739732057 0 0 430189787 11036632 999072715
3 171323768 292547234 0 0 504714167 977813601 956336527
4 642658468 888013815 0 0 607861760 414450489 988799941
2 75141049 694894183 0 0 377040603 770353493 938429757
3 437933829 860527344 0 0 338025874 464009215 994494801
1000 4366083 30664552 0 0 40522359 467917838 993323636
1000 669594257 946444006 0 0 739982128 884632543 965002893
1000 303999667 618232809 0 0 86332746 781144141 983002492
1000 755153052 867397818 0 0 969847739 749787786 992017763
1000 230971203 355091241 0 0 612300770 403079673 934438135
1000 642680495 758509443 276487967 536393213 0 0 994991769
1000 17022712 771014671 731783923 670672783 0 0 889370001
1000 58812575 735611069 520827398 471254009 0 0 943318832
1000 438231411 690979024 750442554 266718516 0 0 998720330
1000 118067415 888244726 271207999 572575155 0 0 973153535
1000 398245041 821403919 213408730 666327777 445066212 775226045 944965685
1000 6225086 49115725 294533585 115792809 106097023 497827085 978887419
1000 316493540 948485123 69002292 46204318 432063190 848828810 932034526
1000 717217789 791725026 992814597 16366094 542997857 884715818 973597810
1000 518374859 647310018 121702108 436119853 53532279 72946496 993893090
1000 101953836 581367612 233530551 707843194 194705808 413188034 999622651
1000 513313780 559982197 130360886 464435838 556388506 669977540 990086225
1000 469253706 773907796 792113761 838839124 679048067 438529201 998908034
1000 663787706 908987035 844736334 637710034 779165692 107745476 955845376
1000 375829643 879205511 493335524 2088789 341661494 886679216 954521278
1000 171355603 638040179 766686174 212802538 553533703 617702030 960180116
1000 23025077 220008468 152911217 934935449 509666816 735764525 984341079
1000 41585962 962795747 350162143 408356074 116644580 90962599 977456555
1000 519234161 689730731 906375269 59277172 942218972 375792935 977059229
1000 15610524 295008519 404798481 462898648 441335424 286157434 943138029
1000 225865715 258553028 713540314 93880006 300017298 294601029 957551954
1000 357024971 626009219 409682858 789243498 273377743 652093250 988048507
1000 264211025 463910543 442818981 482208424 70881614 886661868 990182040
1000 44628452 391623276 164134663 157751155 413180018 925449870 926968993
1000 280711879 893126674 536794977 388437335 117130690 53522150 953122320
1000 49539044 709184839 491877496 456443611 830847881 882786469 932647943
1000 146016988 211191680 532805995 774877574 378177668 252783561 945290256
1000 266480582 979702405 841918357 657023941 953486360 533971411 950043837
999 312002945 692787132 711155250 77407174 560274584 960590659 991797216
992 419110622 970978932 726923981 903028082 246009075 458176775 994783350
998 227131451 869670402 159530069 879922648 623814425 253724959 940717476
963 164472515 630429388 356670396 216753109 850908738 713028870 953025262
1000 675902385 877907083 184620974 666008293 847390441 881236615 988581122
1000 737384230 753854077 34805689 507306530 839772681 660998360 867200113
1000 112149566 117162809 309674704 786762954 231073571 624978196 984971724
1000 146953933 486516945 578792922 950635608 125002130 578271440 989638167
