20
48
574112 894809 464593 629372 949562 502581 462217 720496 886983 14545 869611 706509 976531 671213 137734 303908 497834 892508 511191 698722 210992 176970 539226 180897 349247 616456 311903 738793 202772 452285 192839 776884 347095 173784 406256 813009 192717 384825 49857 79700 915722 919468 302561 892254 590681 956647 712514 604867 
33
223705 303590 60147 400675 359168 241044 266274 491976 69299 5067 694748 521585 197906 987985 385032 888042 910593 714393 80759 811771 764251 160459 727493 200071 979372 619747 307105 936019 332262 911972 301526 72319 731914 
57
472995 607434 119069 739269 99410 704721 260689 310511 742658 974947 814848 644042 862990 725441 358435 943749 537212 122686 620561 264706 322758 116285 400805 629863 52305 249419 58187 353831 321739 306454 231857 311086 913888 867278 566707 529651 571999 827396 356514 831009 802344 171362 475051 665334 413155 833487 125435 466720 956173 262348 247778 795283 378634 648583 941498 947291 414355 
78
301122 736094 822492 49331 563532 252732 916610 130239 298735 4961 473988 655249 835971 276332 342963 311022 458018 756119 660861 99805 222839 133387 362154 470617 928670 257140 635552 386521 204431 49907 902559 21905 302353 725051 71237 865885 977783 987847 996125 276519 509160 986465 448120 345131 262797 791084 656154 237167 63555 833367 336972 802746 966754 215478 789715 895425 988970 425267 281946 709753 991527 184505 731659 293880 425908 802896 159766 403691 307095 672243 196562 816255 658708 644683 161387 437857 952119 333893 
78
15674 167260 44700 818420 134015 260179 124487 545792 765501 549754 344090 475255 541281 44947 206914 351514 470855 526162 27632 390898 833257 216227 103813 165864 391287 264848 843603 829144 216967 693848 20520 748993 377461 65220 83765 27828 841751 208252 573620 123605 274358 434062 598860 815640 995361 322126 683506 982568 848288 711138 889818 197897 927365 993631 880113 318652 258479 723717 664148 991798 417565 201020 740791 795026 782592 340908 339206 140696 549160 429178 264301 823519 863240 863161 155511 858601 185287 839017 
12
549927 550155 247340 747824 993872 240971 627937 312524 15803 868006 976672 7601 
11
694044 264745 113302 476636 605653 452509 617332 154814 881687 881633 494685 
30
744794 166548 119881 446433 5565 477403 996360 72072 724743 260536 582296 482066 404826 894820 497869 789184 387844 21823 591108 81888 286568 704411 74876 892221 156920 692209 563387 38607 90194 574424 
78
834989 740972 936121 797774 262889 929876 310487 851313 170971 87375 433609 653037 8553 844781 667259 797738 232625 689082 388846 830865 975650 93257 422094 384223 766529 114303 463963 321489 204497 38387 137728 555838 779360 73849 869965 42249 520077 180452 893563 691048 784179 843524 860438 792733 688306 44049 590471 920931 249483 979317 268149 225133 588927 690243 125708 355456 320898 589671 676945 41747 628059 814674 597586 923771 404875 983903 482372 441305 680707 892287 648705 464886 735812 509143 257619 424118 69544 364442 
39
319027 343760 645902 60512 449039 336145 186221 804495 173395 292244 997793 215143 436655 328819 329081 360426 250046 312984 842799 691351 993691 735086 340057 974929 987250 365552 748901 411368 435097 113343 272770 754124 973455 918672 330989 422494 771170 517210 226990 
89
325806 741135 676060 762462 69954 5141 122888 320000 834477 482039 11352 344520 733478 867761 319450 720728 233313 68351 132097 668410 181694 921219 938887 155150 839891 269876 93996 127413 787086 837338 588331 629244 578473 264391 391706 164779 785885 514595 1132 136714 512986 528836 481235 246464 396597 800685 967193 629910 385388 615642 298321 567082 536861 237208 238584 893104 507084 332581 536870 810522 686271 125201 439766 264745 905944 831473 945876 208181 862420 947008 344896 375406 475844 826131 138223 872441 143168 621768 502352 528556 237410 800673 611990 290623 554233 366927 700079 577669 215860 
71
388191 902131 394854 344309 166876 300799 175782 112753 508980 554554 59761 370228 446313 51958 196359 584536 924399 339527 206304 426751 384435 960066 743776 996426 767041 814361 363353 983472 392030 579213 736774 780221 481344 131628 124531 164573 948779 816665 793678 974112 887572 369791 344340 333885 421749 540700 434773 346149 396579 157429 289252 297367 633847 549381 293793 400888 363742 173498 900712 755773 269063 637486 52346 266759 285467 693229 431332 234246 26247 741362 724710 
89
111154 69051 764056 49255 126103 198829 911756 39034 356258 201009 336401 990105 266742 146546 907345 146836 320044 808057 902609 105459 961896 471308 372219 763715 680889 319903 514313 707136 61266 239024 137307 688772 308075 901363 738027 434178 100192 649784 473212 972802 367145 325966 479259 633887 472512 386604 780723 792557 711014 199685 898016 189262 187345 786587 469329 868234 106491 983642 91723 684109 222666 229030 372881 47093 130394 627260 997623 746938 277044 987188 719741 160541 313154 199000 310780 785666 101957 91504 94575 329323 807541 508944 518585 994886 811883 504266 379472 918374 487908 
87
118835 226927 216578 8068 790372 346972 635329 787996 610262 428725 291536 330003 105619 121042 45356 416399 423060 663665 24255 33988 992988 831796 542932 27925 343034 354815 532191 722507 789542 536451 710054 424729 763378 926632 432798 553751 789956 584479 858099 400219 529556 665987 246574 635175 787029 291930 51575 210089 471947 75830 244077 464935 423979 303361 9212 767013 174529 541403 5872 480423 77855 232279 905152 357585 675263 337950 911336 465220 438781 285787 381791 968338 951774 628365 119865 738803 436648 171440 465245 908595 763623 225674 889883 187602 529036 899095 470967 
69
440499 993192 700340 34706 225471 605492 392291 417086 459795 819980 882306 898576 622119 780449 383266 573894 408815 19484 829049 361815 190924 810646 270410 470899 36321 160293 174853 81709 59389 162173 817978 16240 155365 518318 567298 897188 123810 959589 830626 99957 295921 712933 514886 918041 9734 414504 8287 418549 433988 837336 780364 141265 647983 567127 612164 200656 727420 303370 798717 303161 465543 616695 835753 137260 135013 403051 550800 775175 878993 
72
391485 174914 610711 422723 609307 620446 837227 617594 555347 271216 971283 852064 412481 135618 419191 540997 852626 662963 360719 651343 966125 826262 784390 318230 479874 435755 721282 30674 727282 600275 928453 118767 291541 539164 541490 417201 675962 895070 551147 231310 166286 522430 83374 95119 174400 502565 636116 27026 681880 996836 678369 164357 339450 979111 482588 335677 414866 203870 366351 142149 320497 811156 777268 128390 350321 835111 61943 26283 730181 613091 257593 412819 
84
857319 507938 309922 876236 660406 853300 558117 173594 48022 722474 513045 27133 721414 848722 442000 925284 731425 100501 762133 542582 394121 406876 409255 229232 468819 435538 475765 81910 209484 888584 733784 583155 396522 560058 459392 56929 413358 533861 230523 461380 772687 259920 488514 494102 624994 446866 935738 356420 63719 214224 415354 457840 621100 824609 203425 89919 776499 679190 688182 502335 567775 421966 85491 480649 982024 61235 53930 911734 595096 284454 373115 367783 60726 377981 378237 685721 824847 313976 558493 404918 44552 973847 862758 665652 
73
66183 755571 91307 261726 960105 109995 345853 382071 195486 826502 880447 256721 880433 792182 368169 681239 165297 252304 741965 59630 630542 944038 400829 460870 18883 805747 505422 509082 184857 687426 823890 767393 959349 431550 29119 919455 541545 374972 301526 253383 201474 181974 510104 598259 490508 394625 795850 172157 646929 54168 231787 793823 998206 632616 771045 17090 954715 792819 526172 139572 996597 866415 906965 955947 297965 936084 875402 355862 827408 693280 609245 545235 391606 
74
143494 882114 30326 939345 570623 193607 993513 802410 503783 508071 951378 791180 41513 906093 100352 84038 562018 96949 950453 468983 52896 764770 921420 444650 120632 748828 137931 246229 294063 529537 881930 953910 928004 428608 409607 498627 138567 403120 817390 158702 427543 768768 949883 469057 191214 50235 553095 753232 147184 19900 222215 716433 784670 143635 161083 421654 408816 299014 184235 219231 344904 582517 173141 789260 11125 582748 287887 666044 502220 105277 824747 929764 390398 290982 
33
581612 857569 468268 334844 521105 488168 73411 237538 789190 733399 398622 727196 142215 697636 911431 361446 558892 493948 50940 348152 21425 633688 152392 203821 135909 257669 544920 582025 164419 835902 497198 746031 693471 
