20
76
296905 158695 261402 915331 936000 339868 487891 686290 413101 825729 82338 116513 376588 332967 735011 988137 945310 775457 119507 544316 493371 788900 663694 374428 65905 228261 454716 465355 354443 573705 206966 651348 732400 468369 566680 184752 808237 54571 871043 737690 396653 469733 370555 289593 319053 105566 277730 264363 397376 913590 325031 890747 702490 988725 265175 284747 733338 236243 750102 87781 809948 473421 739130 542348 941790 822162 727100 266379 393085 114495 520421 789738 100581 890976 595683 419634 
41
873414 683997 426622 787004 525380 317369 5846 514106 98896 806946 763796 335139 557048 851578 661439 546821 107060 203787 488611 929222 447240 271342 322307 78087 308115 628398 178668 199091 224081 598302 228338 613847 798651 654960 917203 324032 488682 439402 354490 587578 246348 
40
439070 319748 486216 100509 866570 593276 820649 871533 38850 267889 659228 877510 862328 967343 505908 40997 682787 246341 155651 911125 376541 470655 566085 293744 311039 571119 249498 181881 158698 495846 816519 114120 331947 302736 214629 198517 412364 551630 70050 451215 
90
245630 328725 198200 212974 350985 755549 895761 597326 911200 806886 973867 898207 889323 783964 209246 460443 33462 907479 135493 45661 723999 249613 377608 26735 980594 576125 955451 532225 162527 406666 384448 408158 251743 582648 137484 602728 338197 33245 200055 765750 356483 690274 180309 762158 474238 905908 738953 24053 813387 874446 69714 537386 640411 447322 80473 137358 539799 35925 185935 218678 958943 570383 626836 210687 669384 280672 813415 7581 830269 529822 289683 186752 220097 469993 465263 210687 375901 204216 234740 189288 595015 820806 243027 751778 784480 839852 405488 324279 392129 591423 
21
351073 678159 686146 78112 347543 966819 407879 871476 797088 937702 161160 500193 674151 631153 481808 884838 523406 686024 635931 229046 797391 
8
472073 549170 757570 311926 471010 598201 220407 62434 
79
571480 256945 343658 165944 604488 826829 573824 475964 140269 27878 637124 156814 702029 784629 638622 103219 308035 324647 255502 537082 638390 228592 525507 703912 502514 353785 174923 100715 574193 753709 758227 662025 10654 618237 827970 615142 445066 918146 607458 585335 946024 244583 742150 648053 545564 380772 751272 369952 221771 523127 423386 376514 751719 465245 80426 254233 819031 255349 871300 909576 9058 629527 571601 536064 247764 915923 151206 209182 834069 758665 310870 780093 519600 569372 944498 581516 466496 212123 951468 
5
735250 891206 581134 3321 356452 
44
773906 691835 433262 645206 601411 958672 791086 173012 494737 555202 88936 162295 764385 439357 437312 591607 219451 956912 160979 680301 54781 627475 892424 6249 832095 144026 413808 929581 147347 770260 107494 921253 462095 540756 82812 579858 15780 873898 752870 26869 945452 358158 189165 226189 
77
626477 817796 533319 99742 978775 729972 154523 122603 622397 677124 471050 766423 90932 400632 430123 377544 508126 351376 355991 565234 950540 935849 581014 824438 205072 124236 769891 563230 313401 512432 877098 456230 330229 926769 72324 825356 656742 226847 947959 795491 420324 935362 561914 511256 335994 508389 405153 844120 859766 761144 409354 810306 213346 506720 151097 418418 630956 437340 498000 460709 949772 891451 916940 796353 818220 505616 621710 991314 732464 86021 786805 669140 21383 865072 180396 357377 373461 
15
717849 749579 379398 127203 76238 592744 150276 227335 527514 781232 181027 25514 758294 647151 433317 
22
443505 251538 697202 581567 242852 946018 183940 29658 615158 205324 894730 311907 79053 784543 413808 796903 534123 793206 440458 610361 902302 107086 
36
946168 404671 51427 488035 162965 698578 921352 354551 658435 172890 51753 240002 932095 997772 423943 478105 612930 145619 372835 924837 741024 673730 338646 54279 207853 648204 11090 334566 66859 118176 204966 13027 522847 256393 501062 685812 
84
422415 40363 646111 595305 92117 886114 43752 606241 826409 521857 219171 488380 411044 144009 229404 84775 999007 283684 808980 163563 294774 143547 230422 929302 864865 243450 452150 637611 744512 654314 625287 166927 694678 271398 278585 303147 673864 322337 909388 500273 844195 644911 505005 255239 305272 734410 340014 304279 534446 665347 467843 829220 808894 214617 758522 190111 458067 727024 827722 202580 381339 453009 885859 592369 240760 164444 895516 914624 3134 321256 931250 847329 966167 436255 618920 787792 687017 475287 608423 221463 140634 592618 567035 465880 
97
841910 655991 265303 568934 66 984235 950273 969427 870095 542642 210187 550891 954510 124812 70377 792118 56062 917706 274638 8669 52979 62430 695687 528266 670853 917150 185252 263472 484186 651132 70708 842448 307123 852363 411382 823541 836599 878008 792969 223046 937002 3156 290289 891513 644320 360667 683631 216734 794725 958269 225404 847704 537051 921091 892322 207905 354593 77574 471377 355131 245058 58437 197579 68534 910800 125314 892075 263751 3322 685044 486797 940324 204553 293439 831837 848873 654106 31821 65608 965183 506442 807364 329240 559846 728455 737914 767751 599400 815489 755480 470884 576899 330269 668463 645433 241069 793777 
89
504821 797099 738905 507970 253776 459810 317761 601965 308684 488219 150138 890644 453403 656581 698008 298995 216427 942815 36909 500530 58567 368750 772362 529451 945650 102631 714267 591083 343700 508044 644944 364873 821496 383850 389196 591624 843660 706957 193589 668696 711529 343728 75692 681284 516661 773700 980279 249440 232867 17188 749970 291435 385939 522332 337238 331589 624963 51505 439024 485015 75902 83969 849889 413750 984171 755437 5374 344183 978746 715315 12880 690275 59043 88572 371559 575704 378625 868190 341496 127844 885379 91466 935631 787670 130150 272870 635611 755113 840727 
19
756481 916629 674956 606370 846731 659127 878159 368457 3311 856905 83773 532543 63533 659168 137467 951444 751225 516092 819635 
49
160289 221366 700540 95920 9036 830690 885142 160999 102156 725870 235634 858637 158851 426943 981359 521935 86070 859518 890392 605733 232775 490517 138276 296308 149686 275744 764105 900911 308188 100092 509984 984829 321458 210524 80750 846846 41215 965892 7845 143371 208114 759831 2008 883318 703126 983367 405253 789197 842885 
70
911282 592012 302515 565911 404673 452201 358007 168778 869464 666195 268870 379448 651025 106680 589973 248127 469878 631188 730371 477723 290911 454838 753906 292919 338156 457033 276286 259761 762582 635523 71758 190216 743887 374273 756127 148560 342826 114134 833690 212290 296682 618912 108091 464059 725592 698064 712186 195470 845604 958909 189545 136515 413747 459804 429434 268255 433189 222072 528016 712123 373947 599775 902339 634186 490400 658467 782747 833227 772601 616437 
75
69283 751702 669960 533342 477294 368024 761880 189117 729980 720790 895014 866495 650889 871170 812281 435497 304359 550705 963513 532834 441004 79640 435174 75191 86393 93641 857938 919620 382594 990727 997841 451878 742429 667802 501572 736076 552178 779805 441545 798511 16947 336559 665006 184188 724082 477288 619685 28441 544345 583199 561276 985350 179191 512802 60541 265584 606443 434831 701556 505389 425558 699398 473619 684340 883552 975192 936768 952082 271349 378313 750593 288296 231224 931952 472484 
