20
45
426792 551131 53847 561341 287918 152669 195526 399031 880934 683605 579732 75347 695773 228259 183818 760924 273635 438292 77976 987927 166772 957415 39659 317241 505461 830590 730241 9786 388275 983290 553554 815067 50774 607401 892761 855044 276423 604639 254075 673709 288245 833808 749056 984018 578419 
71
261294 852055 887519 855622 356334 570643 813037 395993 887884 834851 742935 134478 844637 131211 634120 914543 462630 201246 38297 355391 56291 314720 960031 310366 988429 764628 660526 737486 748646 755298 186712 526292 607353 590583 381914 963687 161227 711303 876032 565463 546154 618968 699941 907143 750179 850414 821687 212809 51660 859984 84553 107951 174704 560936 934670 679485 325564 111548 416971 590562 866846 120036 116854 474199 710619 498768 954238 388198 210071 830271 470014 
10
965591 169955 179721 232122 536721 517760 444931 588382 377744 45836 
59
68800 606772 631003 748286 932336 742552 681609 522898 125750 801645 156104 599950 28617 171224 70540 933167 381296 900811 403181 170226 382754 89489 349947 614876 626210 867708 576160 214592 761804 621996 910926 830605 228769 58281 95243 677457 317185 776852 716708 442936 94850 872812 559238 639819 44037 629778 572986 941685 46942 976168 111911 429696 65657 978210 44573 691867 845918 620733 422812 
6
759081 333738 954680 987850 908371 566275 
51
741909 859479 898368 184845 954329 771180 260435 110500 331569 890213 199839 273254 937155 692359 901517 883204 758016 879728 444129 966235 725646 581214 389047 849721 340295 239137 320753 844498 663861 403380 26158 405770 262860 924526 590615 733541 212058 851050 844042 543628 257615 43881 333234 711123 736240 234752 594327 10608 114480 554808 493195 
60
136022 398595 722552 476317 154084 559657 837167 817945 963038 863325 740067 225898 304203 847034 959439 516262 214436 319833 576242 472052 880066 909476 183175 132658 144228 293854 659618 775060 848662 152814 647891 501036 67761 370443 493705 738197 446452 330873 72495 409490 194198 812562 151740 498402 659597 627532 531016 874033 947365 107258 862437 827432 533086 561964 476442 193667 855818 136061 968727 220832 
25
616618 721868 872988 503413 731926 611185 949866 62799 683680 359356 773349 12595 27449 788103 672192 654981 319119 62577 602346 942729 925015 946130 475816 486979 422573 
48
859150 558634 154562 596334 363861 771181 834555 753201 274594 566481 364386 740812 629280 564419 616521 402629 93366 643970 707085 765558 298951 26204 344487 417649 485286 269502 880132 961102 272834 302705 146937 648336 377691 301499 244670 257904 72680 79225 11105 863627 162058 891843 120791 791338 972614 737312 710320 65980 
85
417405 347890 196585 959961 692378 130587 445247 478232 10719 922701 751066 829776 69638 399402 723819 371138 160425 981723 960170 239650 992828 340149 401709 401023 460941 709399 373638 198253 936071 955970 95888 869828 303861 808825 829790 512591 939412 791389 990823 950131 714091 258242 296259 783729 657644 20078 154867 334421 518153 631390 90424 510981 971539 8485 428357 432480 717884 318347 630734 170308 274317 242974 40136 94530 51799 386278 607121 991212 177668 597945 457695 891759 856187 753955 191840 30183 290385 346708 364605 808539 494450 971381 835872 465989 979866 
38
898470 697750 98928 45556 868058 373246 288530 424547 984128 340329 810825 591250 331541 988493 705547 305589 396604 78086 59544 588445 108269 349929 451505 989226 674820 945955 960607 510693 411944 940473 291274 826766 154576 390203 872322 538986 279801 160852 
34
263929 17534 290711 855179 865427 795556 560726 171016 192161 638812 230560 296958 263434 96842 264815 769012 288014 727122 729620 798707 655418 186445 89982 482185 341021 480185 870859 396360 759986 31712 876245 23915 565598 166956 
42
431025 962513 472525 602042 671026 627690 348954 484336 407476 445796 749151 176488 733811 476273 422460 48870 131691 608906 138852 130228 466279 135389 1088 378991 411727 549152 255237 951995 114750 938545 863794 545775 417410 336319 147817 604788 480361 496772 89124 887837 458920 354627 
33
709083 830900 3138 757954 478944 128396 413158 609172 594676 64900 610260 490019 992979 675764 745256 944974 790514 683802 808768 336290 617564 661440 459 222353 141801 13583 311477 545991 988856 666105 126669 697939 13357 
39
972245 8653 258204 901756 617826 369232 483008 744438 859251 475987 420203 120860 937314 727069 321014 262434 579711 938578 923874 580171 677283 582028 110106 988761 644371 98962 171218 771040 313254 700927 417199 801851 709581 675403 703607 843759 560987 702967 104549 
30
178955 41104 57451 116269 768174 894817 895055 347885 833395 818930 444408 510679 917310 554515 15792 78033 169829 703362 849073 483083 920641 782624 284935 146574 458028 504894 990333 535367 207862 611235 
73
386817 652339 45761 19438 936865 940578 914493 801103 773974 249775 245511 801005 683437 316378 333149 761470 486208 36511 126895 969291 957152 909520 254226 103727 883900 275473 610412 935619 483335 737999 407578 386504 906691 453339 405942 843556 393918 836787 161011 684244 602915 406523 1601 286352 722901 334750 564175 725461 887613 207422 694753 361117 116942 465331 981196 517194 740804 107961 452814 224139 845960 376744 126995 752651 830083 532937 112560 740353 886077 273571 424597 488992 196446 
58
291696 435700 277300 372223 161161 164913 579646 855914 42383 212940 837598 23579 246487 578402 131540 699301 318894 493853 76045 445889 246504 422480 495179 875416 162834 381256 148988 103783 386600 345434 46334 194648 781134 839986 566872 458648 521252 146518 314562 563635 875810 668512 103566 122297 763267 751459 337950 82161 245312 930347 44402 491816 352828 55933 367233 32014 437189 32573 
37
340141 894359 214835 534790 191846 54822 618014 650494 92426 280884 481408 172413 156694 149921 275979 795344 913188 27438 133294 511701 272750 63642 72455 280919 932822 128389 164504 964836 81930 713429 133337 422072 607788 348173 473214 315986 919347 
31
966480 11773 888464 964241 184186 45158 630514 976517 356854 60054 3956 490149 571755 793058 70143 644210 73977 2965 288951 238481 484153 370882 951910 617490 309306 76051 482015 782520 392037 401362 390100 
