20
76
745522 259520 346100 563113 739119 363939 234031 145478 42810 100841 796964 825814 438257 397083 225197 729814 334479 186181 373340 152515 2717 469383 648082 750886 443087 25853 346306 893904 447377 506764 845944 192899 766284 708396 272364 21755 72336 22747 167233 631498 639941 480550 973664 78198 393985 715213 808013 728465 901394 697705 397332 420463 683440 45414 171349 126527 587620 34007 20431 34997 540771 866375 227897 823407 574772 16613 845163 163460 39361 528748 794958 195654 9298 284974 273852 919636 
47
598217 648101 417934 295923 561785 354750 979363 607200 42451 105891 194820 592811 126322 746169 649934 992698 490418 473342 83822 507032 318505 247282 62745 847253 558592 258399 372904 359918 532251 292540 876458 646821 456993 294393 942744 18778 165495 438459 142330 207946 544350 337150 800757 187025 599672 450692 696075 
94
924034 779897 113474 758891 543531 176219 122496 618475 950970 495400 978393 999574 304292 854852 646395 761285 665597 105491 296416 831092 543950 438746 555390 604653 292249 356148 791678 891921 323192 487753 982011 763578 784002 611838 38821 327533 788057 161317 946008 255380 173070 924401 254954 477362 295605 417701 755000 961202 523192 51416 308646 583494 490162 864037 188147 782411 736537 979825 190684 59729 983930 689048 339659 767932 300886 378480 611817 605295 539797 557825 860675 229219 998579 115629 222934 294184 49682 977934 771739 89226 545702 596737 672721 35864 460774 860868 334628 713663 357046 41664 289744 857328 730712 629403 
72
31598 7883 237078 636894 64033 311256 497569 293252 826187 129551 516186 636723 179233 10472 408462 268460 556174 521552 457533 108391 498678 834753 959371 212342 708151 1035 502086 565480 731748 647842 707093 763346 655725 944171 916592 236110 771779 414162 529363 597966 60065 561901 234690 755650 572374 159504 540462 128548 197408 997995 236939 696087 832749 196310 908429 57252 713698 926867 622732 445446 91061 329825 725144 263139 790349 641737 499249 78480 572251 544964 676447 632316 
2
427489 904318 
35
103345 444781 324140 300754 442776 77432 996841 791877 790094 421622 365482 503792 864841 988214 949238 955903 834392 190735 735394 624741 832472 234643 703221 921075 779608 896020 553391 402826 839861 974061 598418 943207 418842 438910 243961 
87
516342 757154 686200 822789 695128 51682 326581 559969 556249 792172 32224 390641 499259 767618 531734 331731 518614 751307 252806 814574 647328 322549 217400 487189 296610 332170 946748 231805 287432 190709 609776 320127 464215 812328 142916 159343 864011 985849 235665 420260 294373 267889 327253 793632 551860 858987 641715 586826 610294 894521 401400 773974 733422 135152 777516 546385 467322 724264 778190 271106 431326 904318 591233 895541 716646 734149 571237 97009 719999 806902 33621 530724 591143 360874 324357 659355 736213 966072 246181 346508 376946 647581 636834 626720 299085 414350 173105 
96
654967 467647 553866 86293 371965 145099 498186 604964 879249 585775 701973 115600 909029 735595 646324 16525 96469 487033 675880 832683 453106 438414 695543 346404 602347 848729 973124 901433 779432 662582 184192 434399 130229 738058 37044 18547 399510 51582 623511 278759 637358 841836 910711 62739 577431 73387 79264 190253 76773 271497 539288 46231 709911 751183 392635 312258 599912 365759 213691 379344 28341 914236 330095 674923 652294 367139 693470 51804 935074 833333 846915 88784 675169 273978 151523 768953 863718 747140 475558 940491 18637 531198 986722 728548 282381 895709 40806 398645 777820 770850 294342 322514 685086 624437 997437 853732 
89
207259 421889 959355 40592 785156 48139 232113 59135 716014 1066 439205 463154 992976 379696 481791 524174 882770 210339 806555 778479 767498 721553 556299 54700 15895 395165 739786 156684 392602 109870 180965 599861 531759 140320 156805 316916 704811 905271 892403 420826 422689 847960 883980 415666 227656 882124 939840 626778 92463 262748 921609 376313 984301 994260 431013 516548 389426 687151 673232 298380 797022 370550 414594 845133 510870 571399 678401 215682 476670 87156 636508 899360 935116 36840 831378 679124 918964 771218 305902 527780 550318 227511 420445 534619 738124 851459 567519 127550 54962 
45
425930 851984 127654 840524 213470 638524 928276 891871 370558 921298 979028 523418 820658 430496 76611 652036 109621 995575 939607 415523 39707 489925 159387 460153 540897 897511 827964 108416 541413 882926 381872 483695 251263 509526 324220 464733 664403 768848 872956 34961 690146 368336 74732 27157 798833 
71
195545 908454 663270 135152 840329 702978 141430 999716 163131 198679 413579 507447 823447 471344 390373 205320 955040 641636 714846 795612 622721 895601 564460 495678 446915 770958 864014 521647 798115 179199 189342 510013 87653 852612 645165 927983 71942 302947 444051 235073 17978 373983 742520 841426 361679 649246 46746 316719 290882 277944 628683 429956 689898 709495 925634 136813 480454 306000 658460 794921 1552 364154 304934 89205 216766 466452 533540 288709 769399 493944 40134 
63
867927 299007 145156 229606 948253 708254 62678 755487 986198 691361 701795 192448 917209 143781 329261 397663 966134 504073 192584 967686 868227 13871 56891 601346 480323 106784 890055 766074 600728 446541 69804 985007 261900 214960 730965 210153 923214 309995 481993 425765 517709 183788 618213 434918 843922 463827 832581 810056 967900 541517 777742 836128 71740 350985 953826 552063 457769 843881 834490 574849 806774 904294 76208 
33
635607 807174 795180 558821 633521 793525 500938 151230 977314 635504 586148 337588 99331 935081 147644 583583 992951 925386 936063 64691 276371 889889 616755 250493 733770 451245 341694 56897 871891 417903 125572 507498 741429 
6
582672 374950 714278 599962 526181 207944 
65
112329 545532 851149 563763 209528 434733 556714 134914 370796 621405 927637 260686 754512 694482 510808 722109 36177 567705 594001 454080 693277 617851 195509 130382 200523 570459 361012 800486 96640 85308 552304 725322 147192 403454 805437 356720 838187 362151 491634 208983 499908 935623 469669 770773 630106 980478 492882 182635 64535 603235 636715 274165 737439 832224 404547 937962 919035 281911 254800 532028 367219 323457 773702 514411 726911 
96
871131 81450 457642 879117 290433 957550 331092 276455 728323 477550 773285 737558 660185 837820 340793 296900 111985 78232 645476 32884 532547 80864 831147 303699 612892 198366 627156 386594 712777 870419 482085 100260 951869 939727 495729 758655 897277 826822 35110 141953 304372 324747 879511 480910 678919 736656 777810 307257 331241 939639 856493 863788 20503 687641 683839 149747 886007 827348 52693 115137 697767 534778 731749 165989 990857 227479 440996 404486 570653 992458 546439 391377 317205 425950 872287 996124 678959 166450 819733 10200 622441 676227 390340 642944 363868 74179 309043 249875 417879 361736 881364 631999 412866 613114 797988 403723 
21
238984 324561 927598 231442 871001 318975 64999 813303 707615 577475 492262 390417 397209 502462 12858 73436 409154 172154 437304 483334 481197 
59
417565 359285 568544 49564 288503 698010 363904 208578 54955 602888 533139 982553 350682 404140 817880 932033 733796 41847 509509 226058 432264 906718 244873 445122 980154 654027 617276 417458 653713 98473 620989 71279 974110 705885 120843 262613 403895 484748 471191 975202 603988 4331 474107 471023 924823 291988 403056 658619 850187 912565 884678 282452 819283 645903 727574 315789 299930 861203 733247 
24
476028 870589 541275 450139 92826 662118 712752 13074 663218 183944 988276 267207 704627 462384 738230 629450 270724 657638 288070 120911 570204 689100 403363 389487 
34
647290 221629 151285 508493 471228 137633 984521 341817 678908 434660 434644 857379 663765 447718 36949 364061 952346 304156 68688 414730 558738 214490 685454 732729 502560 806366 302933 708012 726081 208772 559367 373371 430401 227005 
